Time,CPU Usage (%),Used Memory (GB),GPU Usage (%),GPU Used Memory (GB),GPU Power (W)
2024-09-04 18:49:02,100,0.74,0,2,8.63
2024-09-04 18:49:03,1.6,0.74,0,2,8.64
2024-09-04 18:49:05,1.6,0.76,0,2,8.62
2024-09-04 18:49:06,100,0.76,0,2,8.65
2024-09-04 18:49:08,100,0.76,0,2,8.66
2024-09-04 18:49:09,24.6,0.78,0,2,8.62
2024-09-04 18:49:10,31.7,0.90,0,2,8.61
2024-09-04 18:49:12,21.7,0.93,0,2,8.61
2024-09-04 18:49:13,82,0.95,0,2,8.64
2024-09-04 18:49:14,100,1.47,0,2,8.62
2024-09-04 18:49:16,98.4,1.51,0,2,8.62
2024-09-04 18:49:18,100,1.54,0,2,8.61
2024-09-04 18:49:19,100,1.59,0,2,8.53
2024-09-04 18:49:21,100,1.60,0,2,8.59
2024-09-04 18:49:22,100,1.62,0,2,8.60
2024-09-04 18:49:24,100,1.63,0,2,8.51
2024-09-04 18:49:25,100,1.64,0,2,8.52
2024-09-04 18:49:27,100,1.64,0,2,8.60
2024-09-04 18:49:28,100,1.64,0,2,8.57
2024-09-04 18:49:30,100,1.65,0,2,8.57
2024-09-04 18:49:31,100,1.63,0,2,8.53
2024-09-04 18:49:33,100,1.64,0,2,8.54
2024-09-04 18:49:35,100,1.64,0,2,8.58
2024-09-04 18:49:36,100,1.64,0,2,8.62
2024-09-04 18:49:38,100,1.64,0,2,8.61
2024-09-04 18:49:39,100,1.67,0,2,8.57
2024-09-04 18:49:41,100,1.66,0,2,8.64
2024-09-04 18:49:42,100,1.67,0,2,8.59
2024-09-04 18:49:44,100,1.67,0,2,8.59
2024-09-04 18:49:45,100,1.68,0,2,8.60
2024-09-04 18:49:47,100,1.68,0,2,8.65
2024-09-04 18:49:48,100,1.68,0,2,8.64
2024-09-04 18:49:50,100,1.69,0,2,8.62
2024-09-04 18:49:52,51.6,1.69,0,2,8.59
2024-09-04 18:49:53,27,1.69,0,2,8.60
2024-09-04 18:49:54,27,1.69,0,2,8.69
2024-09-04 18:49:56,24.6,1.69,0,2,8.66
2024-09-04 18:49:57,100,1.46,0,2,8.56
2024-09-04 18:49:59,100,1.52,0,2,8.62
2024-09-04 18:50:00,100,1.55,0,2,8.69
2024-09-04 18:50:02,100,1.58,0,2,8.63
2024-09-04 18:50:03,100,1.64,0,2,8.66
2024-09-04 18:50:05,100,1.66,0,2,8.59
2024-09-04 18:50:06,100,1.67,0,2,8.57
2024-09-04 18:50:08,100,1.67,0,2,8.71
2024-09-04 18:50:09,100,1.67,0,2,8.67
2024-09-04 18:50:11,100,1.67,0,2,8.71
2024-09-04 18:50:13,100,1.67,0,2,8.66
2024-09-04 18:50:14,100,1.67,0,2,8.63
2024-09-04 18:50:16,100,1.68,0,2,8.64
2024-09-04 18:50:17,100,1.69,0,2,8.63
2024-09-04 18:50:19,100,1.69,0,2,8.63
2024-09-04 18:50:20,100,1.69,0,2,8.67
2024-09-04 18:50:22,100,1.69,0,2,8.68
2024-09-04 18:50:23,100,1.69,0,2,8.68
2024-09-04 18:50:25,100,1.70,0,2,8.68
2024-09-04 18:50:26,100,1.70,0,2,8.63
2024-09-04 18:50:28,100,1.70,0,2,8.55
2024-09-04 18:50:29,100,1.70,0,2,8.57
2024-09-04 18:50:31,100,1.70,0,2,8.54
2024-09-04 18:50:33,100,1.70,0,2,8.53
2024-09-04 18:50:34,76.2,1.70,0,2,8.54
2024-09-04 18:50:35,25.8,1.70,0,2,8.66
2024-09-04 18:50:37,25.8,1.70,0,2,8.69
2024-09-04 18:50:38,25.8,1.70,0,2,8.70
2024-09-04 18:50:40,100,1.23,0,2,8.62
2024-09-04 18:50:41,100,1.51,0,2,8.67
2024-09-04 18:50:43,100,1.55,0,2,8.66
2024-09-04 18:50:44,100,1.58,0,2,8.68
2024-09-04 18:50:46,100,1.62,0,2,8.64
2024-09-04 18:50:47,100,1.64,0,2,8.66
2024-09-04 18:50:49,100,1.65,0,2,8.71
2024-09-04 18:50:50,100,1.66,0,2,8.68
2024-09-04 18:50:52,100,1.66,0,2,8.53
2024-09-04 18:50:53,100,1.68,0,2,8.63
2024-09-04 18:50:55,100,1.68,0,2,8.62
2024-09-04 18:50:57,100,1.69,0,2,8.55
2024-09-04 18:50:58,100,1.69,0,2,8.53
2024-09-04 18:51:00,100,1.69,0,2,8.60
2024-09-04 18:51:01,100,1.69,0,2,8.61
2024-09-04 18:51:03,100,1.69,0,2,8.57
2024-09-04 18:51:04,100,1.69,0,2,8.55
2024-09-04 18:51:06,100,1.69,0,2,8.55
2024-09-04 18:51:07,100,1.69,0,2,8.57
2024-09-04 18:51:09,100,1.69,0,2,8.57
2024-09-04 18:51:11,100,1.69,0,2,8.64
2024-09-04 18:51:12,100,1.69,0,2,8.66
2024-09-04 18:51:14,100,1.69,0,2,8.64
2024-09-04 18:51:15,100,1.69,0,2,8.68
2024-09-04 18:51:17,77.4,1.69,0,2,8.70
2024-09-04 18:51:18,25.8,1.69,0,2,8.75
2024-09-04 18:51:19,27,1.69,0,2,8.72
2024-09-04 18:51:21,25.8,1.69,0,2,8.73
2024-09-04 18:51:22,25.8,1.01,0,2,8.75
2024-09-04 18:51:24,100,1.49,0,2,8.77
2024-09-04 18:51:25,100,1.53,0,2,8.73
2024-09-04 18:51:27,100,1.57,0,2,8.82
2024-09-04 18:51:28,100,1.62,0,2,8.85
2024-09-04 18:51:30,100,1.65,0,2,8.70
2024-09-04 18:51:31,100,1.65,0,2,8.69
2024-09-04 18:51:33,100,1.70,0,2,8.82
2024-09-04 18:51:34,100,1.67,0,2,8.81
2024-09-04 18:51:36,100,1.69,0,2,8.65
2024-09-04 18:51:37,100,1.69,0,2,8.65
2024-09-04 18:51:39,100,1.69,0,2,8.63
2024-09-04 18:51:41,100,1.69,0,2,8.63
2024-09-04 18:51:42,100,1.69,0,2,8.66
2024-09-04 18:51:44,100,1.69,0,2,8.65
2024-09-04 18:51:45,100,1.65,0,2,8.64
2024-09-04 18:51:47,100,1.66,0,2,8.67
2024-09-04 18:51:48,100,1.67,0,2,8.66
2024-09-04 18:51:50,100,1.67,0,2,8.60
2024-09-04 18:51:51,100,1.68,0,2,8.64
2024-09-04 18:51:53,100,1.69,0,2,8.66
2024-09-04 18:51:54,100,1.69,0,2,8.65
2024-09-04 18:51:56,100,1.69,0,2,8.65
2024-09-04 18:51:58,100,1.69,0,2,8.68
2024-09-04 18:51:59,100,1.69,0,2,8.66
2024-09-04 18:52:01,50.8,1.69,0,2,8.66
2024-09-04 18:52:02,27,1.69,0,2,8.66
2024-09-04 18:52:03,24.6,1.69,0,2,8.70
2024-09-04 18:52:05,25.8,1.69,0,2,8.70
2024-09-04 18:52:06,100,1.47,0,2,8.69
2024-09-04 18:52:08,100,1.52,0,2,8.68
2024-09-04 18:52:09,100,1.56,0,2,8.71
2024-09-04 18:52:11,100,1.59,0,2,8.69
2024-09-04 18:52:12,100,1.64,0,2,8.66
2024-09-04 18:52:14,100,1.66,0,2,8.66
2024-09-04 18:52:15,100,1.67,0,2,8.73
2024-09-04 18:52:17,100,1.67,0,2,8.74
2024-09-04 18:52:19,100,1.68,0,2,8.72
2024-09-04 18:52:20,100,1.69,0,2,8.70
2024-09-04 18:52:22,100,1.69,0,2,8.68
2024-09-04 18:52:23,100,1.69,0,2,8.73
2024-09-04 18:52:25,100,1.69,0,2,8.73
2024-09-04 18:52:26,100,1.69,0,2,8.69
2024-09-04 18:52:28,100,1.69,0,2,8.65
2024-09-04 18:52:29,100,1.69,0,2,8.66
2024-09-04 18:52:31,100,1.70,0,2,8.68
2024-09-04 18:52:32,100,1.69,0,2,8.66
2024-09-04 18:52:34,100,1.69,0,2,8.61
2024-09-04 18:52:35,100,1.69,0,2,8.56
2024-09-04 18:52:37,100,1.69,0,2,8.61
2024-09-04 18:52:39,100,1.69,0,2,8.67
2024-09-04 18:52:40,100,1.69,0,2,8.62
2024-09-04 18:52:42,100,1.69,0,2,8.71
2024-09-04 18:52:43,100,1.69,0,2,8.74
2024-09-04 18:52:45,52.4,1.69,0,2,8.74
2024-09-04 18:52:46,25.8,1.69,0,2,8.73
2024-09-04 18:52:47,25.8,1.69,0,2,8.75
2024-09-04 18:52:49,25.8,1.70,0,2,8.73
2024-09-04 18:52:50,100,1.47,0,2,8.72
2024-09-04 18:52:52,100,1.52,0,2,8.75
2024-09-04 18:52:53,100,1.56,0,2,8.72
2024-09-04 18:52:55,100,1.60,0,2,8.62
2024-09-04 18:52:56,100,1.64,0,2,8.66
2024-09-04 18:52:58,100,1.65,0,2,8.72
2024-09-04 18:53:00,100,1.66,0,2,8.77
2024-09-04 18:53:01,100,1.67,0,2,8.77
2024-09-04 18:53:03,100,1.67,0,2,8.81
2024-09-04 18:53:04,100,1.67,0,2,8.81
2024-09-04 18:53:06,100,1.69,0,2,8.81
2024-09-04 18:53:07,100,1.69,0,2,8.69
2024-09-04 18:53:09,100,1.69,0,2,8.75
2024-09-04 18:53:10,100,1.69,0,2,8.85
2024-09-04 18:53:12,100,1.69,0,2,8.84
2024-09-04 18:53:13,100,1.69,0,2,8.78
2024-09-04 18:53:15,100,1.69,0,2,8.81
2024-09-04 18:53:16,100,1.69,0,2,8.78
2024-09-04 18:53:18,100,1.69,0,2,8.77
2024-09-04 18:53:20,100,1.69,0,2,8.59
2024-09-04 18:53:21,100,1.69,0,2,8.61
2024-09-04 18:53:23,100,1.69,0,2,8.80
2024-09-04 18:53:24,100,1.69,0,2,8.81
2024-09-04 18:53:26,100,1.69,0,2,8.82
2024-09-04 18:53:27,100,1.69,0,2,8.81
2024-09-04 18:53:29,52.4,1.69,0,2,8.75
2024-09-04 18:53:30,27,1.69,0,2,8.76
2024-09-04 18:53:32,25.8,1.69,0,2,8.72
2024-09-04 18:53:33,27,1.69,0,2,8.68
2024-09-04 18:53:34,100,1.48,0,2,8.75
2024-09-04 18:53:36,100,1.53,0,2,8.76
2024-09-04 18:53:37,100,1.56,0,2,8.74
2024-09-04 18:53:39,100,1.58,0,2,8.85
2024-09-04 18:53:40,100,1.63,0,2,8.85
2024-09-04 18:53:42,100,1.65,0,2,8.87
2024-09-04 18:53:44,100,1.65,0,2,8.90
2024-09-04 18:53:45,100,1.66,0,2,8.84
2024-09-04 18:53:47,100,1.67,0,2,8.80
2024-09-04 18:53:48,100,1.68,0,2,8.68
2024-09-04 18:53:50,100,1.67,0,2,8.68
2024-09-04 18:53:51,100,1.68,0,2,8.65
2024-09-04 18:53:53,100,1.68,0,2,8.68
2024-09-04 18:53:54,100,1.68,0,2,8.69
2024-09-04 18:53:56,100,1.68,0,2,8.68
2024-09-04 18:53:57,100,1.68,0,2,8.70
2024-09-04 18:53:59,100,1.68,0,2,8.66
2024-09-04 18:54:01,100,1.68,0,2,8.65
2024-09-04 18:54:02,100,1.68,0,2,8.57
2024-09-04 18:54:04,100,1.68,0,2,8.54
2024-09-04 18:54:05,100,1.68,0,2,8.60
2024-09-04 18:54:07,100,1.69,0,2,8.67
2024-09-04 18:54:08,100,1.69,0,2,8.71
2024-09-04 18:54:10,100,1.69,0,2,8.78
2024-09-04 18:54:11,100,1.69,0,2,8.72
2024-09-04 18:54:13,100,1.69,0,2,8.69
2024-09-04 18:54:14,51.6,1.69,0,2,8.70
2024-09-04 18:54:16,27.4,1.69,0,2,8.60
2024-09-04 18:54:17,24.6,1.69,0,2,8.58
2024-09-04 18:54:19,27,1.69,0,2,8.57
2024-09-04 18:54:20,8.1,1.01,0,2,8.69
2024-09-04 18:54:21,100,1.02,0,2,8.68
2024-09-04 18:54:23,100,1.03,0,2,8.68
2024-09-04 18:54:24,1.6,1.03,0,2,8.67
2024-09-04 18:54:25,100,1.03,0,2,8.72
2024-09-04 18:54:27,1.6,1.03,0,2,8.71
2024-09-04 18:54:28,3.2,1.03,0,2,8.68
2024-09-04 18:54:29,1.6,1.03,0,2,8.77
2024-09-04 18:54:31,1.6,1.03,0,2,8.76
2024-09-04 18:54:32,1.6,1.03,0,2,8.76
2024-09-04 18:54:34,3.2,1.03,0,2,8.77
2024-09-04 18:54:35,100,1.03,0,2,8.81
2024-09-04 18:54:36,100,1.03,0,2,8.84
