Time,CPU Usage (%),Used Memory (GB),GPU Usage (%),GPU Used Memory (GB),GPU Power (W)
2024-09-05 00:57:39,1.6,0.57,0,2,8.58
2024-09-05 00:57:41,4.6,0.57,0,2,8.57
2024-09-05 00:57:42,3.2,0.58,0,2,8.58
2024-09-05 00:57:44,100,0.58,0,2,8.60
2024-09-05 00:57:45,100,0.58,0,2,8.63
2024-09-05 00:57:46,1.6,0.59,0,2,8.67
2024-09-05 00:57:48,1.6,0.59,0,2,8.78
2024-09-05 00:57:49,22.6,0.60,0,2,8.75
2024-09-05 00:57:50,27.4,0.69,0,2,8.66
2024-09-05 00:57:52,24.6,0.83,0,2,8.63
2024-09-05 00:57:53,25.8,0.92,0,2,8.67
2024-09-05 00:57:54,27.4,1.02,0,2,8.68
2024-09-05 00:57:56,8.2,1.17,0,2,8.61
2024-09-05 00:57:57,33.9,1.45,0,2,8.57
2024-09-05 00:57:59,27,1.61,0,2,8.62
2024-09-05 00:58:00,26.2,1.77,0,2,8.65
2024-09-05 00:58:01,23.3,1.88,0,2,8.65
2024-09-05 00:58:03,29.7,2.58,47,1378,48.17
2024-09-05 00:58:04,29,2.58,71,1378,90.79
2024-09-05 00:58:05,26.2,2.60,73,1378,90.24
2024-09-05 00:58:07,25.8,2.60,64,1380,90.28
2024-09-05 00:58:08,26.2,2.60,70,1380,89.64
2024-09-05 00:58:10,27.4,2.60,69,1380,90.10
2024-09-05 00:58:11,30.2,2.60,72,1380,89.40
2024-09-05 00:58:12,27.9,2.60,73,1380,90.28
2024-09-05 00:58:14,25.8,2.60,72,1380,92.05
2024-09-05 00:58:15,27.9,2.60,74,1380,92.51
2024-09-05 00:58:17,29,2.60,71,1380,89.91
2024-09-05 00:58:18,27.9,2.61,72,1380,91.45
2024-09-05 00:58:19,28.6,2.61,72,1380,89.27
2024-09-05 00:58:21,27.9,2.62,71,1380,89.77
2024-09-05 00:58:22,31.2,2.62,69,1380,91.63
2024-09-05 00:58:23,27.4,2.62,74,1380,91.32
2024-09-05 00:58:25,27.9,1.54,0,2,47.25
2024-09-05 00:58:26,26.2,1.70,0,2,28.70
2024-09-05 00:58:28,27.9,1.82,0,2,22.75
2024-09-05 00:58:29,24.6,1.94,0,19,16.97
2024-09-05 00:58:30,27.4,2.67,20,496,35.80
2024-09-05 00:58:32,28.6,2.68,21,496,39.95
2024-09-05 00:58:33,26.2,2.68,21,496,38.62
2024-09-05 00:58:34,26.2,2.69,21,496,38.52
2024-09-05 00:58:36,27.4,2.71,21,496,39.23
2024-09-05 00:58:37,30.2,2.71,22,496,38.57
2024-09-05 00:58:39,26.7,2.71,21,496,39.58
2024-09-05 00:58:40,28.6,2.71,20,496,39.10
2024-09-05 00:58:41,28.6,2.71,20,496,38.73
2024-09-05 00:58:43,30.6,2.70,20,496,38.88
2024-09-05 00:58:44,29.7,2.70,22,496,39.03
2024-09-05 00:58:45,27.4,2.70,21,496,38.81
2024-09-05 00:58:47,30.2,2.70,20,496,38.87
2024-09-05 00:58:48,28.6,2.68,22,496,38.62
2024-09-05 00:58:50,27.4,2.69,22,496,39.57
2024-09-05 00:58:51,29.5,2.70,22,496,39.83
2024-09-05 00:58:52,27,2.71,22,496,39.17
2024-09-05 00:58:54,27.4,2.71,21,496,39.16
2024-09-05 00:58:55,54,2.74,20,496,39.37
2024-09-05 00:58:56,38.1,2.71,22,496,39.71
2024-09-05 00:58:58,42.6,2.81,22,496,39.23
2024-09-05 00:58:59,29,2.79,22,496,39.73
2024-09-05 00:59:01,29,2.79,22,496,39.77
2024-09-05 00:59:02,27.4,2.79,18,496,39.26
2024-09-05 00:59:03,27.4,2.79,19,496,39.70
2024-09-05 00:59:05,27.9,2.79,22,496,39.55
2024-09-05 00:59:06,26.2,2.80,22,496,39.12
2024-09-05 00:59:07,28.6,2.80,20,496,39.50
2024-09-05 00:59:09,29.7,2.80,22,496,39.64
2024-09-05 00:59:10,27.4,2.80,22,496,39.69
2024-09-05 00:59:12,25.8,2.80,20,496,39.53
2024-09-05 00:59:13,28.3,2.80,21,496,39.42
2024-09-05 00:59:14,26.2,2.80,22,496,39.82
2024-09-05 00:59:16,28.1,1.62,0,2,34.74
2024-09-05 00:59:17,26.2,1.77,0,2,26.09
2024-09-05 00:59:18,25.8,1.89,0,2,16.15
2024-09-05 00:59:20,28.6,2.01,0,2,13.94
2024-09-05 00:59:21,26.2,2.78,41,992,47.00
2024-09-05 00:59:23,28.6,2.79,49,992,83.26
2024-09-05 00:59:24,29.7,2.81,49,992,86.13
2024-09-05 00:59:25,26.2,2.81,39,994,80.88
2024-09-05 00:59:27,29,2.82,51,994,83.33
2024-09-05 00:59:28,30.2,2.82,50,994,83.39
2024-09-05 00:59:29,27.4,2.82,49,994,77.59
2024-09-05 00:59:31,27.9,2.81,45,994,83.39
2024-09-05 00:59:32,27.4,2.81,50,994,82.90
2024-09-05 00:59:34,26.2,2.81,45,994,82.54
2024-09-05 00:59:35,28.6,2.82,51,994,87.82
2024-09-05 00:59:36,28.6,2.82,50,994,85.35
2024-09-05 00:59:38,26.2,2.82,49,994,85.37
2024-09-05 00:59:39,28.6,2.80,43,994,84.40
2024-09-05 00:59:40,28.6,2.82,49,994,85.36
2024-09-05 00:59:42,25,2.82,48,994,83.26
2024-09-05 00:59:43,28.6,2.82,47,994,83.57
2024-09-05 00:59:45,27.9,2.82,45,994,85.60
2024-09-05 00:59:46,27.9,2.82,50,994,86.74
2024-09-05 00:59:47,27.4,2.82,49,994,86.19
2024-09-05 00:59:49,28.6,2.82,51,994,86.42
2024-09-05 00:59:50,28.6,2.82,49,994,85.01
2024-09-05 00:59:51,28.6,2.82,46,994,84.17
2024-09-05 00:59:53,30.2,2.82,46,994,81.29
2024-09-05 00:59:54,27.4,2.82,50,994,88.74
2024-09-05 00:59:56,28.6,2.82,51,994,82.35
2024-09-05 00:59:57,30.2,2.82,48,994,83.24
2024-09-05 00:59:58,30.2,2.82,50,994,87.66
2024-09-05 01:00:00,30.2,2.82,49,996,84.17
2024-09-05 01:00:01,26.2,2.82,50,996,82.37
2024-09-05 01:00:03,28.1,2.81,50,996,80.74
2024-09-05 01:00:04,29.7,2.81,50,996,85.58
2024-09-05 01:00:05,26.2,2.81,47,996,85.26
2024-09-05 01:00:07,27.4,2.81,49,996,84.27
2024-09-05 01:00:08,29,2.81,50,996,81.16
2024-09-05 01:00:09,28.1,2.81,48,996,89.15
2024-09-05 01:00:11,29,2.81,51,996,89.55
2024-09-05 01:00:12,26.2,2.81,50,996,84.46
2024-09-05 01:00:14,29,2.81,50,996,88.30
2024-09-05 01:00:15,31.7,2.83,47,996,82.47
2024-09-05 01:00:16,27.4,2.83,49,996,84.04
2024-09-05 01:00:18,26.2,2.83,46,996,88.15
2024-09-05 01:00:19,31.1,2.83,47,996,84.26
2024-09-05 01:00:20,28.6,2.83,49,996,83.33
2024-09-05 01:00:22,27.4,2.83,44,996,86.27
2024-09-05 01:00:23,25,2.83,49,996,87.72
2024-09-05 01:00:25,29.7,2.81,35,996,84.02
2024-09-05 01:00:26,28.6,2.81,45,996,88.65
2024-09-05 01:00:27,28.6,2.81,51,996,86.20
2024-09-05 01:00:29,26.2,2.82,49,996,83.38
2024-09-05 01:00:30,27.4,2.82,50,996,87.40
2024-09-05 01:00:31,30.6,2.82,51,996,85.47
2024-09-05 01:00:33,27.4,2.82,50,996,90.31
2024-09-05 01:00:34,28.6,2.82,50,996,86.26
2024-09-05 01:00:36,27.4,2.82,47,996,86.73
2024-09-05 01:00:37,29,2.82,49,996,84.96
2024-09-05 01:00:38,29.7,2.82,45,996,86.90
2024-09-05 01:00:40,28.6,2.81,50,996,85.40
2024-09-05 01:00:41,31.2,2.82,48,996,88.03
2024-09-05 01:00:42,27.4,2.82,51,996,83.26
2024-09-05 01:00:44,27.4,2.82,46,996,87.85
2024-09-05 01:00:45,29,2.83,44,996,86.28
2024-09-05 01:00:47,37.7,2.83,0,184,40.19
2024-09-05 01:00:48,28.1,1.70,0,2,30.23
2024-09-05 01:00:49,27,1.90,0,2,24.42
2024-09-05 01:00:51,28.6,2.02,0,2,20.94
2024-09-05 01:00:52,27.9,2.71,10,260,29.33
2024-09-05 01:00:54,27.4,2.72,10,260,31.03
2024-09-05 01:00:55,26.2,2.73,10,260,31.03
2024-09-05 01:00:56,27.4,2.73,10,260,31.02
2024-09-05 01:00:58,26.2,2.73,10,260,30.97
2024-09-05 01:00:59,29,2.75,10,260,30.90
2024-09-05 01:01:00,48.4,2.76,9,260,30.96
2024-09-05 01:01:02,33.9,2.81,10,260,30.86
2024-09-05 01:01:03,30.6,2.80,9,260,30.85
2024-09-05 01:01:05,28.6,2.80,9,260,30.92
2024-09-05 01:01:06,27.4,2.80,10,260,30.88
2024-09-05 01:01:07,27.9,2.80,10,260,30.73
2024-09-05 01:01:09,27.4,2.80,10,260,30.67
2024-09-05 01:01:10,27.4,2.80,10,260,30.73
2024-09-05 01:01:11,27.4,2.80,10,260,30.80
2024-09-05 01:01:13,27.4,2.81,9,260,30.93
2024-09-05 01:01:14,28.6,2.81,10,260,30.81
2024-09-05 01:01:16,26.2,2.81,10,260,30.77
2024-09-05 01:01:17,27.4,2.81,10,260,30.61
2024-09-05 01:01:18,29.5,2.79,9,260,30.76
2024-09-05 01:01:20,26.2,2.79,10,260,30.79
2024-09-05 01:01:21,27.4,2.79,10,260,30.80
2024-09-05 01:01:22,28.6,2.79,10,260,30.74
2024-09-05 01:01:24,27.4,2.79,10,260,30.62
2024-09-05 01:01:25,29,2.79,9,260,30.69
2024-09-05 01:01:27,29.7,2.80,9,260,30.64
2024-09-05 01:01:28,27.4,2.80,10,260,30.66
2024-09-05 01:01:29,29,2.80,10,260,30.61
2024-09-05 01:01:31,27,1.72,0,2,27.07
2024-09-05 01:01:32,27.4,1.91,0,2,26.61
2024-09-05 01:01:33,27,2.02,0,2,20.17
2024-09-05 01:01:35,26.2,2.61,6,954,22.64
2024-09-05 01:01:36,26.7,2.84,46,954,78.77
2024-09-05 01:01:38,28.1,2.84,45,954,76.11
2024-09-05 01:01:39,27.4,2.83,40,958,75.66
2024-09-05 01:01:40,28.6,2.83,45,958,76.21
2024-09-05 01:01:42,27.4,2.84,47,958,75.89
2024-09-05 01:01:43,30.8,2.84,32,958,75.06
2024-09-05 01:01:44,28.6,2.86,47,958,76.88
2024-09-05 01:01:46,27.4,2.87,47,958,76.24
2024-09-05 01:01:47,29,2.87,47,958,76.08
2024-09-05 01:01:49,30.6,2.87,48,958,77.51
2024-09-05 01:01:50,27.4,2.87,46,958,72.72
2024-09-05 01:01:51,29,2.87,46,958,78.29
2024-09-05 01:01:53,26.2,2.87,44,958,77.48
2024-09-05 01:01:54,27.4,2.87,45,958,78.24
2024-09-05 01:01:55,30.8,2.87,38,958,77.95
2024-09-05 01:01:57,26.2,2.87,45,958,79.11
2024-09-05 01:01:58,30.2,2.87,41,958,75.50
2024-09-05 01:02:00,27,2.87,42,958,75.84
2024-09-05 01:02:01,28.6,2.85,46,958,78.54
2024-09-05 01:02:02,29.5,2.86,44,958,74.86
2024-09-05 01:02:04,30.2,2.87,46,958,76.61
2024-09-05 01:02:05,29,2.87,45,958,73.62
2024-09-05 01:02:06,28.6,2.87,42,958,77.20
2024-09-05 01:02:08,30.8,2.85,48,958,76.83
2024-09-05 01:02:09,26.2,2.85,46,958,77.66
2024-09-05 01:02:11,29,2.85,47,958,76.30
2024-09-05 01:02:12,28.6,2.87,42,958,77.63
2024-09-05 01:02:13,27.4,2.87,42,958,76.01
2024-09-05 01:02:15,27.4,2.87,44,958,77.17
2024-09-05 01:02:16,27.4,2.87,47,958,78.42
2024-09-05 01:02:17,29,2.87,46,958,76.05
2024-09-05 01:02:19,27.4,2.87,45,958,74.92
2024-09-05 01:02:20,31.2,2.87,44,958,75.58
2024-09-05 01:02:22,30.6,2.87,48,958,78.03
2024-09-05 01:02:23,29.5,2.87,45,958,77.65
2024-09-05 01:02:24,26.2,2.87,46,958,80.46
2024-09-05 01:02:26,25,2.87,39,958,74.85
2024-09-05 01:02:27,28.6,2.87,47,958,80.83
2024-09-05 01:02:29,28.6,2.87,46,958,79.94
2024-09-05 01:02:30,28.1,2.87,44,958,77.72
2024-09-05 01:02:31,27.4,2.87,46,958,78.92
2024-09-05 01:02:33,27.4,2.87,46,958,81.14
2024-09-05 01:02:34,28.6,2.87,46,958,80.73
2024-09-05 01:02:35,27.9,2.87,47,958,79.05
2024-09-05 01:02:37,27.9,2.87,42,958,79.47
2024-09-05 01:02:38,29,2.87,44,958,79.47
2024-09-05 01:02:40,27.4,2.87,47,958,81.12
2024-09-05 01:02:41,29.7,2.87,48,958,78.09
2024-09-05 01:02:42,27.4,2.86,46,958,78.10
2024-09-05 01:02:44,27.9,2.86,42,958,79.73
2024-09-05 01:02:45,26.2,2.86,48,958,79.88
2024-09-05 01:02:46,28.6,2.86,46,958,81.52
2024-09-05 01:02:48,30.2,2.86,44,958,79.23
2024-09-05 01:02:49,26.2,2.86,46,958,76.63
2024-09-05 01:02:51,27.4,2.86,47,958,78.98
2024-09-05 01:02:52,27.9,2.87,48,958,79.82
2024-09-05 01:02:53,29,2.87,30,958,73.21
2024-09-05 01:02:55,25.8,2.87,43,958,79.02
2024-09-05 01:02:56,29,2.87,48,958,80.72
2024-09-05 01:02:58,26.7,2.87,46,184,77.81
2024-09-05 01:02:59,44.3,1.75,0,2,33.98
2024-09-05 01:03:00,28.6,1.94,0,2,26.51
2024-09-05 01:03:02,27,2.04,0,2,17.75
2024-09-05 01:03:03,26.7,2.66,16,376,30.24
2024-09-05 01:03:04,53.1,2.66,16,376,35.74
2024-09-05 01:03:06,27.9,2.67,16,376,35.77
2024-09-05 01:03:07,30.2,2.68,16,376,35.59
2024-09-05 01:03:09,29,2.68,15,376,35.53
2024-09-05 01:03:10,30.2,2.68,16,376,35.51
2024-09-05 01:03:11,26.2,2.68,16,376,35.53
2024-09-05 01:03:13,28.6,2.68,16,376,35.68
2024-09-05 01:03:14,27.4,2.68,15,376,35.27
2024-09-05 01:03:15,31.7,2.68,16,376,35.70
2024-09-05 01:03:17,27.4,2.69,15,376,35.32
2024-09-05 01:03:18,27.4,2.69,16,376,35.40
2024-09-05 01:03:19,28.6,2.67,16,376,35.17
2024-09-05 01:03:21,27.9,2.67,16,376,35.04
2024-09-05 01:03:22,27.4,2.67,16,376,34.75
2024-09-05 01:03:24,29.5,2.68,16,376,35.12
2024-09-05 01:03:25,28.6,2.68,15,376,35.22
2024-09-05 01:03:26,27.4,2.68,16,376,35.54
2024-09-05 01:03:28,27.4,2.68,17,376,35.43
2024-09-05 01:03:29,31.1,2.68,16,376,34.99
2024-09-05 01:03:30,28.6,2.68,15,376,35.05
2024-09-05 01:03:32,31.2,2.69,16,376,35.13
2024-09-05 01:03:33,26.2,2.69,17,376,35.25
2024-09-05 01:03:35,29.7,2.70,17,376,35.35
2024-09-05 01:03:36,28.6,2.70,16,376,34.99
2024-09-05 01:03:37,28.6,2.68,16,376,34.75
2024-09-05 01:03:39,29,2.68,14,376,34.32
2024-09-05 01:03:40,28.6,2.68,16,376,34.84
2024-09-05 01:03:41,29.7,2.70,16,376,35.12
2024-09-05 01:03:43,30.8,2.70,16,376,34.59
2024-09-05 01:03:44,27.4,2.70,16,376,34.92
2024-09-05 01:03:46,29.5,2.68,15,376,34.98
2024-09-05 01:03:47,100,1.67,7,2,33.10
2024-09-05 01:03:48,27.4,1.70,0,2,27.17
2024-09-05 01:03:50,26.2,1.91,0,2,20.17
2024-09-05 01:03:51,25,2.01,0,2,12.77
2024-09-05 01:03:52,30.2,2.27,2,154,14.06
2024-09-05 01:03:54,26.2,2.84,16,374,34.81
2024-09-05 01:03:55,27.4,2.86,17,374,35.40
2024-09-05 01:03:56,28.6,2.87,17,374,35.92
2024-09-05 01:03:58,27.4,2.87,17,376,35.65
2024-09-05 01:03:59,30.6,2.87,16,376,35.67
2024-09-05 01:04:01,28.6,2.87,16,376,35.88
2024-09-05 01:04:02,27.4,2.87,17,376,35.43
2024-09-05 01:04:03,30.2,2.87,17,376,36.01
2024-09-05 01:04:05,27.9,2.87,17,376,35.36
2024-09-05 01:04:06,28.6,2.86,16,376,35.49
2024-09-05 01:04:08,29.5,2.86,16,376,35.88
2024-09-05 01:04:09,30.2,2.87,17,376,35.56
2024-09-05 01:04:10,29,2.87,15,378,35.29
2024-09-05 01:04:12,26.2,2.86,16,378,35.06
2024-09-05 01:04:13,28.6,2.86,17,378,35.59
2024-09-05 01:04:14,28.6,2.86,17,378,35.85
2024-09-05 01:04:16,30.6,2.86,17,378,35.49
2024-09-05 01:04:17,27.4,2.86,17,378,35.73
2024-09-05 01:04:19,30.8,2.86,16,378,35.79
2024-09-05 01:04:20,28.6,2.87,17,378,35.95
2024-09-05 01:04:21,28.6,2.87,17,378,35.69
2024-09-05 01:04:23,28.6,2.87,18,378,35.67
2024-09-05 01:04:24,27.9,2.87,17,378,35.76
2024-09-05 01:04:25,27.9,2.87,17,378,35.81
2024-09-05 01:04:27,27.4,2.87,17,378,35.91
2024-09-05 01:04:28,27.4,2.88,16,378,35.61
2024-09-05 01:04:30,29,2.88,16,378,35.63
2024-09-05 01:04:31,26.2,2.88,18,378,35.80
2024-09-05 01:04:32,29.7,2.88,17,378,35.49
2024-09-05 01:04:34,28.6,2.88,17,378,35.48
2024-09-05 01:04:35,27.4,2.88,18,378,35.46
2024-09-05 01:04:36,27.4,2.88,17,378,35.28
2024-09-05 01:04:38,26.2,2.88,16,378,35.37
2024-09-05 01:04:39,30.2,2.88,15,378,35.02
2024-09-05 01:04:40,26.7,2.88,17,378,34.97
2024-09-05 01:04:42,26.2,2.88,17,378,35.32
2024-09-05 01:04:43,27.9,2.88,16,378,35.28
2024-09-05 01:04:45,26.2,2.88,17,378,35.76
2024-09-05 01:04:46,31.7,2.87,17,378,35.88
2024-09-05 01:04:47,31.2,2.87,16,378,35.51
2024-09-05 01:04:49,26.2,2.88,16,378,34.90
2024-09-05 01:04:50,27.4,2.88,17,378,35.26
2024-09-05 01:04:51,28.6,2.88,17,378,35.55
2024-09-05 01:04:53,27.4,2.88,17,378,35.28
2024-09-05 01:04:54,30.2,2.88,17,378,35.48
2024-09-05 01:04:56,29.7,2.88,18,378,35.42
2024-09-05 01:04:57,26.2,2.88,17,378,35.70
2024-09-05 01:04:58,24.6,2.88,17,378,35.60
2024-09-05 01:05:00,28.6,2.88,17,378,35.77
2024-09-05 01:05:01,52.5,2.88,16,378,35.66
2024-09-05 01:05:03,26.2,2.86,16,378,35.51
2024-09-05 01:05:04,27.4,2.86,17,378,35.67
2024-09-05 01:05:05,33.3,2.87,17,378,35.54
2024-09-05 01:05:07,29,2.87,17,378,35.68
2024-09-05 01:05:08,54.7,2.88,16,378,35.64
2024-09-05 01:05:09,27.9,2.87,17,378,35.66
2024-09-05 01:05:11,29,2.88,17,378,34.98
2024-09-05 01:05:12,26.2,2.88,17,378,35.50
2024-09-05 01:05:14,29,2.88,17,378,35.98
2024-09-05 01:05:15,32.8,2.88,17,378,35.47
2024-09-05 01:05:16,28.1,2.88,16,378,34.22
2024-09-05 01:05:18,29,2.88,18,378,35.77
2024-09-05 01:05:19,25.8,1.69,0,2,30.64
2024-09-05 01:05:20,28.6,1.90,0,2,26.20
2024-09-05 01:05:22,27.4,2.00,0,2,15.53
2024-09-05 01:05:23,29,2.19,0,130,12.47
2024-09-05 01:05:25,30.2,2.74,19,476,43.65
2024-09-05 01:05:26,29.5,2.75,21,476,38.94
2024-09-05 01:05:27,29.7,2.75,21,476,38.86
2024-09-05 01:05:29,26.2,2.75,20,476,38.74
2024-09-05 01:05:30,27.4,2.76,20,476,38.49
2024-09-05 01:05:31,29.7,2.76,20,476,38.46
2024-09-05 01:05:33,28.6,2.76,21,476,38.38
2024-09-05 01:05:34,31.2,2.75,21,476,38.67
2024-09-05 01:05:36,29,2.75,19,476,38.45
2024-09-05 01:05:37,25.4,2.75,22,476,38.39
2024-09-05 01:05:38,28.6,2.74,20,476,38.53
2024-09-05 01:05:40,33.3,2.76,22,476,39.07
2024-09-05 01:05:41,30.6,2.74,21,476,38.02
2024-09-05 01:05:42,29.7,2.74,22,476,38.85
2024-09-05 01:05:44,27.4,2.75,21,476,38.77
2024-09-05 01:05:45,27.9,2.76,21,476,38.66
2024-09-05 01:05:47,27.9,2.76,20,476,38.75
2024-09-05 01:05:48,27.9,2.74,20,476,38.79
2024-09-05 01:05:49,29,2.74,21,476,39.23
2024-09-05 01:05:51,28.6,2.74,21,476,38.76
2024-09-05 01:05:52,29.7,2.75,21,476,38.94
2024-09-05 01:05:53,27.9,2.75,22,476,39.12
2024-09-05 01:05:55,27.4,2.76,21,476,38.63
2024-09-05 01:05:56,27.9,2.76,20,476,38.85
2024-09-05 01:05:58,26.2,2.76,22,476,38.85
2024-09-05 01:05:59,27.4,2.76,22,476,39.31
2024-09-05 01:06:00,28.6,2.75,20,476,38.40
2024-09-05 01:06:02,26.2,2.75,22,476,38.41
2024-09-05 01:06:03,27.4,2.75,21,476,38.77
2024-09-05 01:06:04,26.2,2.75,20,476,38.31
2024-09-05 01:06:06,29,2.75,21,476,39.13
2024-09-05 01:06:07,27.4,2.75,21,476,37.94
2024-09-05 01:06:09,28.6,2.76,21,476,38.56
2024-09-05 01:06:10,28.6,2.76,21,476,38.86
2024-09-05 01:06:11,31.7,2.76,21,476,38.70
2024-09-05 01:06:13,28.6,2.76,22,476,38.74
2024-09-05 01:06:14,27.4,2.75,21,476,38.54
2024-09-05 01:06:15,28.6,2.76,20,476,38.62
2024-09-05 01:06:17,27,2.76,20,476,38.43
2024-09-05 01:06:18,28.6,2.74,21,476,38.69
2024-09-05 01:06:20,26.2,2.75,20,476,38.67
2024-09-05 01:06:21,27.4,2.75,22,476,38.68
2024-09-05 01:06:22,27.4,2.76,21,476,38.89
2024-09-05 01:06:24,27.4,2.76,22,476,38.73
2024-09-05 01:06:25,27.4,2.76,22,476,39.06
2024-09-05 01:06:26,28.6,2.76,21,476,38.92
2024-09-05 01:06:28,29,2.76,21,476,38.47
2024-09-05 01:06:29,27.4,2.76,21,476,38.52
2024-09-05 01:06:31,26.2,2.76,22,476,38.19
2024-09-05 01:06:32,28.6,2.76,22,476,38.06
2024-09-05 01:06:33,27.4,2.76,22,476,38.92
2024-09-05 01:06:35,28.1,2.75,21,476,38.98
2024-09-05 01:06:36,29.7,2.76,21,476,38.49
2024-09-05 01:06:38,27.9,2.75,21,476,38.74
2024-09-05 01:06:39,28.6,2.75,22,476,38.87
2024-09-05 01:06:40,26.2,2.75,21,476,38.87
2024-09-05 01:06:42,27.9,2.76,21,476,38.58
2024-09-05 01:06:43,30.2,2.76,21,476,38.48
2024-09-05 01:06:44,29,2.76,21,476,38.19
2024-09-05 01:06:46,28.6,2.75,21,476,38.72
2024-09-05 01:06:47,26.7,2.76,21,476,38.68
2024-09-05 01:06:49,28.6,2.76,21,476,38.67
2024-09-05 01:06:50,34.9,2.76,22,476,38.60
2024-09-05 01:06:51,28.6,2.76,22,476,38.62
2024-09-05 01:06:53,29,2.74,21,476,38.44
2024-09-05 01:06:54,27.9,2.75,20,476,38.39
2024-09-05 01:06:55,28.6,2.73,21,476,38.51
2024-09-05 01:06:57,27.4,2.73,20,476,38.44
2024-09-05 01:06:58,28.6,2.73,21,476,38.62
2024-09-05 01:07:00,3.3,1.68,0,2,32.06
2024-09-05 01:07:01,27.4,1.78,0,2,26.24
2024-09-05 01:07:02,28.6,1.98,0,2,19.60
2024-09-05 01:07:04,48.4,2.14,0,2,11.95
2024-09-05 01:07:05,27.4,2.79,27,876,38.34
2024-09-05 01:07:06,28.6,2.81,45,876,74.25
2024-09-05 01:07:08,30.2,2.81,43,876,72.44
2024-09-05 01:07:09,28.6,2.81,44,876,71.27
2024-09-05 01:07:11,27.9,2.82,44,876,75.40
2024-09-05 01:07:12,50,2.84,43,876,74.15
2024-09-05 01:07:13,29.7,2.82,45,876,74.25
2024-09-05 01:07:15,29,2.83,48,876,74.11
2024-09-05 01:07:16,27.4,2.83,48,876,76.88
2024-09-05 01:07:17,26.2,2.83,44,876,75.04
2024-09-05 01:07:19,27.4,2.84,46,876,74.82
2024-09-05 01:07:20,29,2.84,43,876,75.74
2024-09-05 01:07:22,28.6,2.84,38,876,72.37
2024-09-05 01:07:23,30.8,2.84,44,876,75.46
2024-09-05 01:07:24,27.9,2.84,43,876,73.33
2024-09-05 01:07:26,27.9,2.84,47,876,72.72
2024-09-05 01:07:27,27.9,2.84,46,876,73.93
2024-09-05 01:07:28,29,2.84,45,876,75.39
2024-09-05 01:07:30,31.1,2.82,46,876,76.79
2024-09-05 01:07:31,27.4,2.82,43,876,74.61
2024-09-05 01:07:33,26.7,2.82,46,876,75.10
2024-09-05 01:07:34,28.6,2.82,47,876,76.98
2024-09-05 01:07:35,26.2,2.82,44,876,76.59
2024-09-05 01:07:37,28.6,2.82,39,876,73.10
2024-09-05 01:07:38,29,2.83,44,876,75.61
2024-09-05 01:07:39,27.4,2.83,46,876,76.31
2024-09-05 01:07:41,27.4,2.83,45,876,74.73
2024-09-05 01:07:42,29.5,2.83,42,876,72.53
2024-09-05 01:07:44,28.6,2.83,45,876,75.54
2024-09-05 01:07:45,27.9,1.72,0,2,49.82
2024-09-05 01:07:46,25.8,1.90,0,2,31.96
2024-09-05 01:07:48,26.2,2.02,0,2,22.18
2024-09-05 01:07:49,27,2.14,0,128,17.46
2024-09-05 01:07:50,27.4,2.86,78,1386,76.78
2024-09-05 01:07:52,30.2,2.86,74,1386,106.76
2024-09-05 01:07:53,26.7,2.87,78,1386,106.94
2024-09-05 01:07:55,27.4,2.88,79,1388,101.44
2024-09-05 01:07:56,27.4,2.88,77,1388,106.15
2024-09-05 01:07:57,27.4,2.88,76,1388,102.77
2024-09-05 01:07:59,27.4,2.88,79,1388,99.29
2024-09-05 01:08:00,30.2,2.88,74,1388,106.15
2024-09-05 01:08:01,26.2,2.89,74,1388,105.51
2024-09-05 01:08:03,27.4,2.89,55,1388,102.51
2024-09-05 01:08:04,28.6,2.89,78,1388,104.20
2024-09-05 01:08:06,31.2,2.87,78,1388,104.48
2024-09-05 01:08:07,30.2,2.87,75,1388,104.60
2024-09-05 01:08:08,28.6,2.88,74,1388,107.20
2024-09-05 01:08:10,29,2.90,75,1388,105.17
2024-09-05 01:08:11,27.4,2.90,79,1388,106.47
2024-09-05 01:08:12,32.8,2.90,78,1388,103.19
2024-09-05 01:08:14,28.6,2.90,80,1388,106.72
2024-09-05 01:08:15,29,2.90,79,1388,103.77
2024-09-05 01:08:17,27.9,2.90,78,1388,105.48
2024-09-05 01:08:18,27.9,2.90,77,1388,109.58
2024-09-05 01:08:19,29.7,2.90,78,1388,110.03
2024-09-05 01:08:21,27.4,2.90,80,1388,105.54
2024-09-05 01:08:22,27.9,2.90,79,1388,107.72
2024-09-05 01:08:23,27.9,2.90,76,1388,109.69
2024-09-05 01:08:25,26.2,2.90,79,1388,104.94
2024-09-05 01:08:26,27.4,2.90,77,1388,107.98
2024-09-05 01:08:28,27.4,2.90,74,1388,109.46
2024-09-05 01:08:29,28.6,2.90,76,1388,104.67
2024-09-05 01:08:30,27.4,2.90,78,1388,109.07
2024-09-05 01:08:32,29,2.90,78,1388,108.95
2024-09-05 01:08:33,28.6,2.90,78,1388,104.62
2024-09-05 01:08:35,27.4,2.90,70,1388,107.69
2024-09-05 01:08:36,30.2,2.90,71,1388,107.22
2024-09-05 01:08:37,29,2.90,65,1388,105.47
2024-09-05 01:08:39,28.6,2.90,79,1388,109.64
2024-09-05 01:08:40,28.6,2.90,75,1388,108.39
2024-09-05 01:08:41,26.2,2.88,55,1388,103.75
2024-09-05 01:08:43,28.6,2.89,79,1388,110.20
2024-09-05 01:08:44,27.9,2.89,77,1388,108.69
2024-09-05 01:08:46,29,2.89,78,1388,105.42
2024-09-05 01:08:47,29.7,2.89,78,1388,107.85
2024-09-05 01:08:48,31.7,2.89,77,1388,110.18
2024-09-05 01:08:50,28.6,2.89,75,1388,108.13
2024-09-05 01:08:51,27.9,2.89,71,1388,109.78
2024-09-05 01:08:52,27.4,2.90,77,1388,108.24
2024-09-05 01:08:54,27.9,2.88,78,1388,108.69
2024-09-05 01:08:55,26.2,2.88,76,1388,109.27
2024-09-05 01:08:57,27.4,2.89,78,1388,110.29
2024-09-05 01:08:58,29,2.89,75,1388,106.69
2024-09-05 01:08:59,25.8,2.90,75,1388,102.18
2024-09-05 01:09:01,31.7,2.90,76,1388,108.73
2024-09-05 01:09:02,26.2,2.88,78,1388,107.25
2024-09-05 01:09:03,29.7,2.90,80,1388,106.03
2024-09-05 01:09:05,29,2.90,78,1388,106.91
2024-09-05 01:09:06,27.4,2.88,77,1388,109.97
2024-09-05 01:09:08,26.7,2.88,77,1388,105.13
2024-09-05 01:09:09,26.2,2.89,77,1388,108.09
2024-09-05 01:09:10,27.4,2.89,75,1388,107.50
2024-09-05 01:09:12,30.8,2.89,76,1388,104.96
2024-09-05 01:09:13,29,2.89,79,1388,110.31
2024-09-05 01:09:15,27.4,2.90,80,1388,110.93
2024-09-05 01:09:16,49.2,1.77,2,148,81.30
2024-09-05 01:09:17,27.9,2.43,9,260,37.47
2024-09-05 01:09:19,30.6,2.43,10,260,32.25
2024-09-05 01:09:20,28.8,2.44,10,260,31.56
2024-09-05 01:09:21,28.3,2.44,9,260,31.60
2024-09-05 01:09:23,30.2,2.45,10,260,31.31
2024-09-05 01:09:24,31.7,2.45,9,260,31.29
2024-09-05 01:09:26,31.7,2.45,10,260,31.22
2024-09-05 01:09:27,29,2.44,10,260,31.18
2024-09-05 01:09:28,30.2,2.44,9,260,31.09
2024-09-05 01:09:30,31.7,2.42,9,260,31.02
2024-09-05 01:09:31,29.5,2.43,9,260,30.96
2024-09-05 01:09:32,30.2,2.44,9,260,30.78
2024-09-05 01:09:34,29,2.44,9,260,30.89
2024-09-05 01:09:35,30.6,2.44,9,260,30.76
2024-09-05 01:09:37,31.7,2.44,10,260,30.85
2024-09-05 01:09:38,28.3,2.45,9,260,30.75
2024-09-05 01:09:39,29.5,2.45,9,260,30.65
2024-09-05 01:09:41,31.7,2.45,9,260,30.61
2024-09-05 01:09:42,29.5,2.43,9,260,30.64
2024-09-05 01:09:43,29,2.43,10,260,30.60
2024-09-05 01:09:45,27.9,2.43,10,260,30.46
2024-09-05 01:09:46,29.5,2.43,10,260,30.44
2024-09-05 01:09:48,30.6,2.45,9,260,30.29
2024-09-05 01:09:49,29.5,2.45,10,260,30.21
2024-09-05 01:09:50,31.1,2.45,9,260,30.29
2024-09-05 01:09:52,29.5,2.45,10,260,30.20
2024-09-05 01:09:53,30.2,2.45,9,260,30.22
2024-09-05 01:09:54,74.2,2.45,9,182,29.55
2024-09-05 01:09:56,3.2,2.46,0,182,26.75
2024-09-05 01:09:57,1.6,2.46,0,182,26.45
2024-09-05 01:09:59,4.8,2.46,0,182,26.48
2024-09-05 01:10:00,7.6,2.47,0,182,26.53
2024-09-05 01:10:01,4.7,2.47,0,182,26.63
2024-09-05 01:10:03,3.2,2.47,0,182,26.50
2024-09-05 01:10:04,4.8,2.47,0,182,26.46
2024-09-05 01:10:05,7.9,2.47,0,182,26.37
2024-09-05 01:10:07,3.2,2.47,0,182,26.40
2024-09-05 01:10:08,4.8,2.47,0,182,26.48
2024-09-05 01:10:10,100,2.46,0,182,26.37
2024-09-05 01:10:11,4.8,2.46,0,182,26.38
2024-09-05 01:10:12,4.8,2.46,0,182,16.84
2024-09-05 01:10:14,100,2.46,0,182,10.44
2024-09-05 01:10:15,1.6,2.47,0,182,9.59
2024-09-05 01:10:17,1.6,2.47,0,182,9.51
2024-09-05 01:10:18,3.2,2.47,0,182,9.49
2024-09-05 01:10:19,4.8,2.45,0,182,9.49
2024-09-05 01:10:21,1.6,2.44,0,182,9.34
2024-09-05 01:10:22,75,2.28,0,182,9.36
2024-09-05 01:10:23,50,2.09,0,182,9.45
2024-09-05 01:10:25,47.5,2.09,0,182,9.32
2024-09-05 01:10:26,48.4,2.09,0,182,9.30
2024-09-05 01:10:27,13.1,0.74,0,2,10.61
2024-09-05 01:10:29,1.6,0.76,0,2,11.04
2024-09-05 01:10:30,6.6,0.76,0,2,9.31
2024-09-05 01:10:32,3.2,0.76,0,2,9.20
