Time,CPU Usage (%),Used Memory (GB),GPU Usage (%),GPU Used Memory (GB),GPU Power (W)
2024-09-05 01:12:06,100,0.79,0,2,8.89
2024-09-05 01:12:08,1.6,0.79,0,2,8.85
2024-09-05 01:12:09,1.6,0.79,0,2,8.81
2024-09-05 01:12:10,100,0.80,0,2,8.85
2024-09-05 01:12:12,24.2,0.80,0,2,8.84
2024-09-05 01:12:13,29,0.89,0,2,8.82
2024-09-05 01:12:14,27,1.03,0,2,8.85
2024-09-05 01:12:16,24.2,1.13,0,2,8.85
2024-09-05 01:12:17,32.3,1.24,0,2,8.81
2024-09-05 01:12:19,100,1.54,0,2,8.86
2024-09-05 01:12:20,28.3,1.77,0,2,8.85
2024-09-05 01:12:21,26.2,1.97,0,2,8.77
2024-09-05 01:12:23,24.2,2.07,0,2,8.73
2024-09-05 01:12:24,27.4,2.61,2,428,14.90
2024-09-05 01:12:26,26.7,2.77,22,428,38.03
2024-09-05 01:12:27,27.4,2.77,21,428,37.63
2024-09-05 01:12:28,28.6,2.79,22,428,37.75
2024-09-05 01:12:30,27.4,2.80,21,428,37.72
2024-09-05 01:12:31,26.2,2.81,22,428,37.63
2024-09-05 01:12:32,24.6,2.81,22,428,37.97
2024-09-05 01:12:34,30.6,2.81,22,428,37.76
2024-09-05 01:12:35,25.8,2.82,23,428,37.89
2024-09-05 01:12:36,29.7,2.81,23,428,37.65
2024-09-05 01:12:38,30.2,2.81,21,428,37.74
2024-09-05 01:12:39,28.6,2.81,21,428,37.39
2024-09-05 01:12:41,26.2,1.74,2,2,32.84
2024-09-05 01:12:42,28.1,1.93,0,2,25.89
2024-09-05 01:12:43,24.6,2.05,0,2,20.48
2024-09-05 01:12:45,28.6,2.17,0,48,12.67
2024-09-05 01:12:46,27.4,2.89,9,252,33.03
2024-09-05 01:12:47,28.6,2.90,10,252,30.04
2024-09-05 01:12:49,26.2,2.92,10,252,29.12
2024-09-05 01:12:50,26.7,2.93,9,252,29.02
2024-09-05 01:12:52,26.2,2.93,10,252,29.16
2024-09-05 01:12:53,27.9,2.93,9,252,29.06
2024-09-05 01:12:54,26.2,2.94,9,252,28.97
2024-09-05 01:12:56,26.2,2.94,9,252,29.20
2024-09-05 01:12:57,26.2,2.94,10,252,29.22
2024-09-05 01:12:58,27.4,2.94,10,252,29.25
2024-09-05 01:13:00,29.5,2.94,10,252,29.26
2024-09-05 01:13:01,27.4,2.94,10,252,29.11
2024-09-05 01:13:03,27.4,2.94,10,252,29.06
2024-09-05 01:13:04,31.2,2.94,9,252,29.15
2024-09-05 01:13:05,27.9,2.94,10,252,29.25
2024-09-05 01:13:07,52.5,2.97,9,252,29.19
2024-09-05 01:13:08,27.4,2.93,10,252,29.26
2024-09-05 01:13:09,27.4,2.93,10,252,29.19
2024-09-05 01:13:11,26.2,2.93,10,252,29.29
2024-09-05 01:13:12,27.4,2.94,10,252,29.24
2024-09-05 01:13:14,27.4,2.94,10,252,29.17
2024-09-05 01:13:15,27.4,2.94,10,252,29.14
2024-09-05 01:13:16,29,2.94,10,252,29.16
2024-09-05 01:13:18,29,2.94,10,252,29.18
2024-09-05 01:13:19,27.9,2.94,9,252,29.31
2024-09-05 01:13:20,29,2.94,10,252,29.27
2024-09-05 01:13:22,27.4,2.94,9,252,29.18
2024-09-05 01:13:23,1.6,1.73,2,2,27.57
2024-09-05 01:13:25,25,1.81,0,2,25.69
2024-09-05 01:13:26,27.4,2.00,0,2,14.20
2024-09-05 01:13:27,25.8,2.11,0,2,10.37
2024-09-05 01:13:29,10.8,1.80,2,2,29.20
2024-09-05 01:13:30,30.2,1.75,0,2,30.33
2024-09-05 01:13:31,27,1.97,0,2,22.01
2024-09-05 01:13:33,28.6,2.07,0,2,9.96
2024-09-05 01:13:34,3.2,1.71,0,2,9.03
2024-09-05 01:13:35,26.2,1.79,0,2,9.08
2024-09-05 01:13:37,26.2,1.99,0,2,8.97
2024-09-05 01:13:38,27.9,2.09,0,2,8.96
2024-09-05 01:13:40,3.3,1.71,2,2,26.95
2024-09-05 01:13:41,30.2,1.74,0,2,30.46
2024-09-05 01:13:42,29.7,1.96,0,2,17.69
2024-09-05 01:13:44,27,2.05,0,2,10.62
2024-09-05 01:13:45,27.4,2.27,1,180,13.18
2024-09-05 01:13:46,26.2,1.80,0,2,30.26
2024-09-05 01:13:48,27.4,1.97,0,2,25.36
2024-09-05 01:13:49,27.4,2.09,0,2,18.39
2024-09-05 01:13:50,8.1,1.82,2,2,23.20
2024-09-05 01:13:52,28.6,1.74,0,2,30.33
2024-09-05 01:13:53,27.4,1.95,0,2,23.73
2024-09-05 01:13:55,25.8,2.05,0,2,10.30
2024-09-05 01:13:56,28.6,2.25,3,154,13.04
2024-09-05 01:13:57,27.9,2.79,9,252,34.15
2024-09-05 01:13:59,27.4,2.80,10,252,29.10
2024-09-05 01:14:00,29,2.81,10,252,29.15
2024-09-05 01:14:01,29,2.82,9,252,29.17
2024-09-05 01:14:03,40.3,2.83,9,252,29.06
2024-09-05 01:14:04,26.2,2.83,10,252,29.05
2024-09-05 01:14:06,28.6,2.84,9,252,29.21
2024-09-05 01:14:07,26.7,2.84,10,252,28.98
2024-09-05 01:14:08,26.2,2.85,10,252,29.04
2024-09-05 01:14:10,33.3,2.85,10,252,29.23
2024-09-05 01:14:11,27.9,2.85,10,252,29.15
2024-09-05 01:14:12,26.2,2.85,10,252,29.12
2024-09-05 01:14:14,28.6,2.85,10,252,29.09
2024-09-05 01:14:15,28.6,2.85,10,252,29.05
2024-09-05 01:14:17,27.4,2.85,9,252,29.11
2024-09-05 01:14:18,29.7,2.85,10,252,29.15
2024-09-05 01:14:19,29.5,2.85,10,252,29.27
2024-09-05 01:14:21,27.4,2.85,9,252,29.11
2024-09-05 01:14:22,27.4,2.85,10,252,29.12
2024-09-05 01:14:23,26.2,2.85,10,252,29.19
2024-09-05 01:14:25,27.4,2.85,10,252,29.10
2024-09-05 01:14:26,27.4,2.85,10,252,29.06
2024-09-05 01:14:28,27.4,2.85,10,252,29.18
2024-09-05 01:14:29,29,2.86,10,252,29.06
2024-09-05 01:14:30,29,2.86,9,252,29.00
2024-09-05 01:14:32,29,2.86,9,252,29.01
2024-09-05 01:14:33,27.9,2.85,10,252,28.96
2024-09-05 01:14:34,29,2.85,9,252,28.95
2024-09-05 01:14:36,32.3,2.85,10,252,29.04
2024-09-05 01:14:37,27.4,2.86,10,252,29.06
2024-09-05 01:14:39,29.7,2.86,10,252,29.07
2024-09-05 01:14:40,26.2,2.85,10,252,29.14
2024-09-05 01:14:41,27.9,2.85,9,252,29.24
2024-09-05 01:14:43,27.9,2.85,10,252,29.35
2024-09-05 01:14:44,26.2,2.85,9,252,29.06
2024-09-05 01:14:46,29,2.85,9,252,29.18
2024-09-05 01:14:47,27.9,2.85,9,252,29.07
2024-09-05 01:14:48,26.2,2.85,10,252,28.95
2024-09-05 01:14:50,30.6,2.86,10,252,29.11
2024-09-05 01:14:51,26.2,2.86,10,252,28.87
2024-09-05 01:14:52,27.4,2.86,9,252,28.95
2024-09-05 01:14:54,26.2,2.86,9,252,28.96
2024-09-05 01:14:55,27,2.86,9,252,29.19
2024-09-05 01:14:56,27.4,2.86,10,252,28.98
2024-09-05 01:14:58,29.7,2.85,10,252,28.97
2024-09-05 01:14:59,26.7,2.85,10,252,28.90
2024-09-05 01:15:01,27.4,2.83,10,252,29.02
2024-09-05 01:15:02,29,2.84,10,252,28.99
2024-09-05 01:15:03,27.9,2.84,10,252,29.06
2024-09-05 01:15:05,30.6,2.84,10,252,29.04
2024-09-05 01:15:06,30.2,2.85,9,252,28.93
2024-09-05 01:15:08,29,2.85,9,252,28.93
2024-09-05 01:15:09,41.3,2.85,9,252,28.83
2024-09-05 01:15:10,1.6,2.83,0,186,28.06
2024-09-05 01:15:12,25.8,1.84,0,2,25.36
2024-09-05 01:15:13,26.7,2.04,0,2,25.37
2024-09-05 01:15:14,26.2,2.14,0,2,18.23
2024-09-05 01:15:16,27.4,1.79,0,2,10.41
2024-09-05 01:15:17,25.8,1.97,0,2,8.89
2024-09-05 01:15:18,27,2.08,0,2,8.77
2024-09-05 01:15:20,30.2,2.22,0,134,10.95
2024-09-05 01:15:21,27.4,2.93,24,440,42.24
2024-09-05 01:15:23,26.7,2.94,24,440,41.60
2024-09-05 01:15:24,27.4,2.94,26,440,40.27
2024-09-05 01:15:25,29,2.94,26,440,40.75
2024-09-05 01:15:27,26.7,2.95,20,440,40.17
2024-09-05 01:15:28,29.7,2.95,25,440,41.26
2024-09-05 01:15:29,30.2,2.97,24,440,41.76
2024-09-05 01:15:31,29,2.97,25,440,41.33
2024-09-05 01:15:32,27.4,2.97,26,440,41.80
2024-09-05 01:15:34,29,2.97,25,440,41.25
2024-09-05 01:15:35,28.6,2.97,26,440,42.05
2024-09-05 01:15:36,29,2.97,25,440,40.99
2024-09-05 01:15:38,28.6,2.97,23,440,40.67
2024-09-05 01:15:39,28.6,2.96,26,440,41.17
2024-09-05 01:15:41,28.6,2.96,25,440,41.67
2024-09-05 01:15:42,29.7,2.97,25,440,40.53
2024-09-05 01:15:43,28.6,2.96,25,440,40.72
2024-09-05 01:15:45,28.1,2.96,25,440,41.01
2024-09-05 01:15:46,27.9,2.96,26,440,41.04
2024-09-05 01:15:47,26.2,2.95,24,440,40.94
2024-09-05 01:15:49,28.6,2.96,25,440,41.64
2024-09-05 01:15:50,33.9,2.97,24,440,40.03
2024-09-05 01:15:52,30.2,2.97,22,440,40.64
2024-09-05 01:15:53,31.8,2.97,25,440,41.37
2024-09-05 01:15:54,25,2.97,26,440,41.05
2024-09-05 01:15:56,27.4,2.97,26,440,40.76
2024-09-05 01:15:57,28.6,2.96,26,440,40.96
2024-09-05 01:15:58,27.9,2.97,25,440,41.05
2024-09-05 01:16:00,29.7,2.97,18,440,40.08
2024-09-05 01:16:01,28.6,2.97,25,440,41.02
2024-09-05 01:16:03,28.6,2.98,25,440,40.44
2024-09-05 01:16:04,28.3,2.98,26,440,42.18
2024-09-05 01:16:05,52.4,2.97,25,440,41.69
2024-09-05 01:16:07,29,2.97,26,440,41.73
2024-09-05 01:16:08,29,2.97,26,440,42.47
2024-09-05 01:16:09,27.4,2.97,26,440,42.20
2024-09-05 01:16:11,27.4,2.97,25,440,41.62
2024-09-05 01:16:12,29,2.97,26,440,41.62
2024-09-05 01:16:14,27.4,2.97,27,440,42.66
2024-09-05 01:16:15,28.6,2.97,27,440,41.30
2024-09-05 01:16:16,27.4,2.97,27,440,41.83
2024-09-05 01:16:18,27.4,2.97,26,440,42.03
2024-09-05 01:16:19,27.4,2.97,27,440,41.60
2024-09-05 01:16:20,30.2,1.85,5,154,33.97
2024-09-05 01:16:22,32.3,2.52,24,440,38.02
2024-09-05 01:16:23,32.8,2.53,23,440,40.03
2024-09-05 01:16:25,29,2.54,24,440,39.74
2024-09-05 01:16:26,30.2,2.54,24,440,40.17
2024-09-05 01:16:27,31.2,2.54,24,440,39.75
2024-09-05 01:16:29,28.3,2.54,23,440,39.86
2024-09-05 01:16:30,29,2.54,24,440,39.93
2024-09-05 01:16:31,30.6,2.54,24,440,39.96
2024-09-05 01:16:33,29.5,2.55,23,440,39.69
2024-09-05 01:16:34,29.5,2.55,24,440,39.97
2024-09-05 01:16:36,27.9,2.55,24,440,39.76
2024-09-05 01:16:37,31.2,2.54,24,440,39.87
2024-09-05 01:16:38,35.9,2.55,24,440,39.91
2024-09-05 01:16:40,30.2,2.56,24,440,39.85
2024-09-05 01:16:41,27.9,2.56,24,440,39.95
2024-09-05 01:16:42,32.3,2.56,24,440,40.04
2024-09-05 01:16:44,30.6,2.56,24,442,40.13
2024-09-05 01:16:45,31.7,2.56,24,442,39.83
2024-09-05 01:16:47,28.3,2.54,24,442,39.95
2024-09-05 01:16:48,31.1,2.55,24,442,39.74
2024-09-05 01:16:49,29.5,2.55,24,442,40.02
2024-09-05 01:16:51,28.3,2.55,23,442,39.72
2024-09-05 01:16:52,29.5,2.55,23,442,40.12
2024-09-05 01:16:54,31.7,2.56,24,442,39.59
2024-09-05 01:16:55,32.3,2.56,24,442,39.97
2024-09-05 01:16:56,31.2,2.56,22,442,39.86
2024-09-05 01:16:58,30.6,2.55,24,442,40.16
2024-09-05 01:16:59,30.6,2.55,22,442,39.84
2024-09-05 01:17:00,29.5,2.55,23,442,39.98
2024-09-05 01:17:02,32.3,2.55,24,442,39.96
2024-09-05 01:17:03,30.6,2.55,23,442,40.13
2024-09-05 01:17:05,30.2,2.56,24,442,40.26
2024-09-05 01:17:06,31.7,2.54,24,442,40.33
2024-09-05 01:17:07,29.5,2.55,24,442,40.12
2024-09-05 01:17:09,29.5,2.56,24,442,39.83
2024-09-05 01:17:10,29.5,2.54,24,442,40.05
2024-09-05 01:17:11,27.9,2.54,23,442,39.27
2024-09-05 01:17:13,30.6,2.55,24,442,40.01
2024-09-05 01:17:14,29,2.55,24,442,39.80
2024-09-05 01:17:15,29.5,2.56,24,442,40.10
2024-09-05 01:17:17,32.3,2.56,24,442,39.87
2024-09-05 01:17:18,30.6,2.54,23,442,39.95
2024-09-05 01:17:20,92.3,2.54,13,182,37.14
2024-09-05 01:17:21,26.2,2.71,0,182,25.75
2024-09-05 01:17:22,27.4,2.97,0,182,25.56
2024-09-05 01:17:24,30.2,3.07,0,182,25.54
2024-09-05 01:17:25,28.6,3.27,0,359,25.79
2024-09-05 01:17:26,27.9,3.79,21,605,35.71
2024-09-05 01:17:28,26.2,3.79,22,605,38.15
2024-09-05 01:17:29,27.4,3.79,21,605,38.29
2024-09-05 01:17:31,28.1,3.79,21,605,38.40
2024-09-05 01:17:32,29.7,3.80,20,605,38.22
2024-09-05 01:17:33,29.7,3.80,21,605,38.50
2024-09-05 01:17:35,29,3.81,22,605,38.51
2024-09-05 01:17:36,27.9,3.81,22,605,37.80
2024-09-05 01:17:37,27.4,3.81,21,605,38.38
2024-09-05 01:17:39,27.4,3.81,20,605,38.19
2024-09-05 01:17:40,30.2,3.79,21,605,38.08
2024-09-05 01:17:42,27.4,3.79,22,605,38.55
2024-09-05 01:17:43,27.9,2.73,0,182,25.79
2024-09-05 01:17:44,27,2.97,0,182,20.52
2024-09-05 01:17:46,26.7,3.06,0,182,16.58
2024-09-05 01:17:47,31.7,3.25,0,331,22.61
2024-09-05 01:17:48,27.4,3.90,9,429,34.03
2024-09-05 01:17:50,27.4,3.90,9,429,29.47
2024-09-05 01:17:51,26.7,3.91,10,429,29.45
2024-09-05 01:17:52,27,3.91,10,429,29.41
2024-09-05 01:17:54,26.7,3.91,9,429,29.46
2024-09-05 01:17:55,27.4,3.91,9,429,29.48
2024-09-05 01:17:57,27.4,3.90,10,429,29.47
2024-09-05 01:17:58,28.6,3.91,10,429,29.32
2024-09-05 01:17:59,27.9,3.92,10,429,29.28
2024-09-05 01:18:01,27.9,3.91,10,429,29.40
2024-09-05 01:18:02,27.4,3.91,9,429,29.25
2024-09-05 01:18:03,27.9,3.92,10,429,29.27
2024-09-05 01:18:05,27.9,3.92,9,429,29.22
2024-09-05 01:18:06,28.6,3.92,10,429,29.15
2024-09-05 01:18:08,29.5,3.92,10,429,29.25
2024-09-05 01:18:09,54,3.92,9,429,29.19
2024-09-05 01:18:10,27.9,3.91,10,429,29.27
2024-09-05 01:18:12,27.4,3.93,10,429,29.38
2024-09-05 01:18:13,30.2,3.92,10,429,29.37
2024-09-05 01:18:15,26.2,3.92,9,429,29.26
2024-09-05 01:18:16,28.6,3.92,10,429,29.21
2024-09-05 01:18:17,28.6,3.92,10,429,29.28
2024-09-05 01:18:19,28.6,3.90,10,429,29.34
2024-09-05 01:18:20,27.4,3.90,10,429,29.18
2024-09-05 01:18:21,29,3.90,9,429,29.13
2024-09-05 01:18:23,28.6,3.90,10,429,29.22
2024-09-05 01:18:24,25,3.90,10,429,29.01
2024-09-05 01:18:26,29,2.68,0,182,27.08
2024-09-05 01:18:27,25.8,2.87,0,182,25.51
2024-09-05 01:18:28,27.4,3.00,0,182,15.90
2024-09-05 01:18:30,21.3,3.10,0,307,9.90
2024-09-05 01:18:31,30.2,3.59,0,347,25.63
2024-09-05 01:18:32,28.6,2.75,0,182,25.65
2024-09-05 01:18:34,26.2,2.94,0,182,20.39
2024-09-05 01:18:35,23,3.05,0,182,15.77
2024-09-05 01:18:36,26.2,2.67,1,182,18.29
2024-09-05 01:18:38,27.4,2.87,0,182,25.60
2024-09-05 01:18:39,27.9,2.99,0,182,9.41
2024-09-05 01:18:41,26.2,3.10,0,307,10.01
2024-09-05 01:18:42,6.3,2.66,0,182,25.83
2024-09-05 01:18:43,25.8,2.75,0,182,25.76
2024-09-05 01:18:45,26.2,2.94,0,182,17.72
2024-09-05 01:18:46,28.6,3.04,0,182,10.06
2024-09-05 01:18:47,18,2.73,3,182,29.71
2024-09-05 01:18:49,26.2,2.84,0,182,30.29
2024-09-05 01:18:50,27.4,2.97,0,182,26.03
2024-09-05 01:18:51,24.2,3.08,0,196,11.08
2024-09-05 01:18:53,1.7,2.66,0,182,25.56
2024-09-05 01:18:54,25.4,2.73,0,182,25.42
2024-09-05 01:18:56,27.4,2.93,0,182,11.99
2024-09-05 01:18:57,29,3.03,0,182,10.58
2024-09-05 01:18:58,26.2,3.46,1,375,17.44
2024-09-05 01:19:00,27.4,3.75,10,429,29.23
2024-09-05 01:19:01,29.7,3.76,10,429,29.27
2024-09-05 01:19:02,26.2,3.76,9,429,29.30
2024-09-05 01:19:04,29,3.76,9,429,29.22
2024-09-05 01:19:05,26.2,3.76,10,429,29.24
2024-09-05 01:19:07,27.4,3.76,9,429,29.10
2024-09-05 01:19:08,27.9,3.75,10,429,28.96
2024-09-05 01:19:09,29,3.75,10,429,29.08
2024-09-05 01:19:11,28.6,3.76,9,429,29.14
2024-09-05 01:19:12,26.2,3.76,10,429,29.19
2024-09-05 01:19:13,27.4,3.76,9,429,29.21
2024-09-05 01:19:15,31.7,3.76,9,429,29.06
2024-09-05 01:19:16,29.7,3.77,10,429,28.92
2024-09-05 01:19:18,25,3.77,9,429,29.04
2024-09-05 01:19:19,30.2,3.77,9,429,29.06
2024-09-05 01:19:20,27.4,3.77,10,429,28.97
2024-09-05 01:19:22,26.2,3.77,10,429,29.03
2024-09-05 01:19:23,30.2,3.77,10,429,29.04
2024-09-05 01:19:24,29,3.76,9,429,28.97
2024-09-05 01:19:26,26.2,3.76,10,429,29.24
2024-09-05 01:19:27,27.9,3.76,10,429,28.92
2024-09-05 01:19:29,26.2,3.74,10,429,29.06
2024-09-05 01:19:30,27.1,3.74,10,429,29.22
2024-09-05 01:19:31,32.3,3.74,9,429,29.32
2024-09-05 01:19:33,27.4,3.74,8,429,29.08
2024-09-05 01:19:34,27.9,3.74,10,429,29.13
2024-09-05 01:19:35,27.4,3.76,9,429,29.09
2024-09-05 01:19:37,30.2,3.76,10,429,29.18
2024-09-05 01:19:38,29,3.76,10,429,29.29
2024-09-05 01:19:40,29,3.75,10,429,29.06
2024-09-05 01:19:41,30.6,3.74,10,429,29.14
2024-09-05 01:19:42,25,3.74,10,429,29.24
2024-09-05 01:19:44,29.7,3.74,9,429,29.17
2024-09-05 01:19:45,26.7,3.73,10,429,29.16
2024-09-05 01:19:46,26.2,3.73,10,429,29.23
2024-09-05 01:19:48,27.9,3.73,10,429,29.15
2024-09-05 01:19:49,27.4,3.73,10,429,29.22
2024-09-05 01:19:51,28.6,3.73,10,429,29.24
2024-09-05 01:19:52,27.4,3.73,10,429,29.18
2024-09-05 01:19:53,27.4,3.73,10,429,29.23
2024-09-05 01:19:55,29,3.73,10,429,29.25
2024-09-05 01:19:56,30.2,3.73,10,429,28.97
2024-09-05 01:19:57,28.6,3.73,10,429,29.18
2024-09-05 01:19:59,27.9,3.74,10,429,29.16
2024-09-05 01:20:00,27.4,3.75,10,429,29.10
2024-09-05 01:20:02,30.2,3.76,9,429,29.19
2024-09-05 01:20:03,30.2,3.76,10,429,29.12
2024-09-05 01:20:04,27.4,3.75,10,429,29.25
2024-09-05 01:20:06,27.4,3.75,10,429,29.24
2024-09-05 01:20:07,26.2,3.73,10,429,29.15
2024-09-05 01:20:08,28.6,3.74,9,429,29.21
2024-09-05 01:20:10,36.5,3.75,10,429,29.34
2024-09-05 01:20:11,29.5,3.73,10,429,29.10
2024-09-05 01:20:13,53.2,2.68,0,182,25.60
2024-09-05 01:20:14,24.6,2.86,0,182,20.82
2024-09-05 01:20:15,29.7,2.99,0,182,16.36
2024-09-05 01:20:17,21.7,3.14,0,307,10.57
2024-09-05 01:20:18,29,2.70,0,182,30.43
2024-09-05 01:20:19,27.4,2.94,0,182,21.96
2024-09-05 01:20:21,29,3.03,0,182,15.86
2024-09-05 01:20:22,27.4,3.33,2,361,20.57
2024-09-05 01:20:24,28.1,3.86,26,617,39.71
2024-09-05 01:20:25,28.3,3.87,26,617,41.97
2024-09-05 01:20:26,27.4,3.87,27,617,41.28
2024-09-05 01:20:28,26.2,3.88,26,617,41.43
2024-09-05 01:20:29,27.4,3.86,25,617,40.83
2024-09-05 01:20:30,31.2,3.86,26,617,41.58
2024-09-05 01:20:32,25,3.86,26,617,41.37
2024-09-05 01:20:33,27.4,3.86,24,617,41.82
2024-09-05 01:20:34,29.7,3.87,21,617,41.30
2024-09-05 01:20:36,30.2,3.87,27,617,41.51
2024-09-05 01:20:37,27.9,3.88,22,617,40.93
2024-09-05 01:20:39,28.6,3.88,24,617,41.88
2024-09-05 01:20:40,29.5,3.88,26,617,40.91
2024-09-05 01:20:41,26.7,3.86,26,617,41.86
2024-09-05 01:20:43,26.7,3.88,25,617,41.98
2024-09-05 01:20:44,28.6,3.88,24,617,41.75
2024-09-05 01:20:45,28.6,3.89,24,617,41.34
2024-09-05 01:20:47,26.2,3.89,24,617,40.96
2024-09-05 01:20:48,29,3.89,26,617,41.70
2024-09-05 01:20:50,28.6,3.87,26,617,41.22
2024-09-05 01:20:51,29,3.88,26,617,41.57
2024-09-05 01:20:52,26.7,3.89,27,617,40.36
2024-09-05 01:20:54,27.4,3.89,23,617,42.10
2024-09-05 01:20:55,29,3.89,25,617,41.80
2024-09-05 01:20:56,31.7,3.89,26,617,42.09
2024-09-05 01:20:58,30.2,3.87,23,617,41.09
2024-09-05 01:20:59,28.6,3.87,25,617,41.71
2024-09-05 01:21:01,29,3.88,26,617,40.91
2024-09-05 01:21:02,29.7,3.88,26,617,41.23
2024-09-05 01:21:03,29.7,3.88,26,617,41.30
2024-09-05 01:21:05,29,3.88,23,617,41.85
2024-09-05 01:21:06,28.6,3.88,26,617,40.45
2024-09-05 01:21:08,25.8,3.88,24,617,40.45
2024-09-05 01:21:09,29,3.88,22,617,41.12
2024-09-05 01:21:10,29.7,3.88,26,617,40.98
2024-09-05 01:21:12,26.7,3.88,25,617,42.07
2024-09-05 01:21:13,30.2,3.88,26,617,41.72
2024-09-05 01:21:14,27.4,3.88,25,617,41.93
2024-09-05 01:21:16,27.4,3.86,26,617,41.33
2024-09-05 01:21:17,27.9,3.86,24,617,41.76
2024-09-05 01:21:18,29,3.86,25,617,41.26
2024-09-05 01:21:20,26.2,3.87,25,617,41.32
2024-09-05 01:21:21,27,3.88,27,617,41.87
2024-09-05 01:21:23,30.6,2.68,9,252,28.83
2024-09-05 01:21:24,29.5,2.68,9,252,29.15
2024-09-05 01:21:25,32.3,2.68,9,252,29.06
2024-09-05 01:21:27,31.7,2.69,9,252,29.17
2024-09-05 01:21:28,29.5,2.69,9,252,29.10
2024-09-05 01:21:29,32.8,2.69,9,252,29.03
2024-09-05 01:21:31,31.7,2.69,9,252,29.01
2024-09-05 01:21:32,30.6,2.69,9,252,29.04
2024-09-05 01:21:34,30.6,2.69,9,252,28.91
2024-09-05 01:21:35,33.3,2.69,9,252,28.98
2024-09-05 01:21:36,29.5,2.69,9,252,28.92
2024-09-05 01:21:38,32.3,2.69,9,252,28.92
2024-09-05 01:21:39,29.5,2.69,9,252,28.94
2024-09-05 01:21:40,32.3,2.68,9,252,28.93
2024-09-05 01:21:42,32.3,2.68,9,252,28.85
2024-09-05 01:21:43,30.6,2.68,9,252,28.78
2024-09-05 01:21:45,29.5,2.68,9,252,28.93
2024-09-05 01:21:46,28.3,2.68,9,252,28.92
2024-09-05 01:21:47,30.6,2.69,9,252,29.06
2024-09-05 01:21:49,29.5,2.69,9,252,29.00
2024-09-05 01:21:50,30.6,2.69,9,252,28.97
2024-09-05 01:21:51,29.5,2.69,9,252,29.06
2024-09-05 01:21:53,29.5,2.67,9,252,28.95
2024-09-05 01:21:54,30.6,2.67,10,252,28.97
2024-09-05 01:21:56,31.7,2.67,9,252,28.85
2024-09-05 01:21:57,33.3,2.69,9,252,28.81
2024-09-05 01:21:58,33.3,2.69,9,252,28.92
2024-09-05 01:22:00,46,2.71,0,182,27.13
2024-09-05 01:22:01,27.4,2.75,0,182,25.25
2024-09-05 01:22:02,27.4,2.95,0,182,25.14
2024-09-05 01:22:04,30.2,3.06,0,182,25.15
2024-09-05 01:22:05,26.2,3.59,0,601,25.60
2024-09-05 01:22:07,28.3,3.74,22,605,38.11
2024-09-05 01:22:08,29,3.76,21,605,38.16
2024-09-05 01:22:09,31.2,3.76,21,605,37.86
2024-09-05 01:22:11,29,3.76,21,605,37.79
2024-09-05 01:22:12,29,3.76,21,605,37.54
2024-09-05 01:22:13,26.2,3.76,22,605,37.58
2024-09-05 01:22:15,29,3.77,21,605,38.21
2024-09-05 01:22:16,53.2,3.77,21,605,37.87
2024-09-05 01:22:18,27.9,3.75,21,605,37.97
2024-09-05 01:22:19,26.7,3.76,22,605,37.70
2024-09-05 01:22:20,26.7,3.77,21,605,37.70
2024-09-05 01:22:22,21,3.77,19,182,36.75
2024-09-05 01:22:23,27,2.75,0,182,26.09
2024-09-05 01:22:24,29,2.95,0,182,23.28
2024-09-05 01:22:26,27.4,3.05,0,182,13.68
2024-09-05 01:22:27,29,3.43,0,367,17.85
2024-09-05 01:22:29,27.4,3.86,9,429,28.43
2024-09-05 01:22:30,27.4,3.88,10,429,29.11
2024-09-05 01:22:31,28.6,3.89,10,429,29.21
2024-09-05 01:22:33,28.6,3.89,10,429,29.20
2024-09-05 01:22:34,29,3.89,9,429,29.12
2024-09-05 01:22:35,26.2,3.90,10,429,29.09
2024-09-05 01:22:37,28.6,3.90,10,429,29.08
2024-09-05 01:22:38,26.2,3.90,10,429,29.22
2024-09-05 01:22:40,26.2,3.90,10,429,29.19
2024-09-05 01:22:41,29,3.90,10,429,29.28
2024-09-05 01:22:42,30.6,3.90,10,429,29.21
2024-09-05 01:22:44,27.4,3.89,10,429,29.15
2024-09-05 01:22:45,30.2,3.89,10,429,29.03
2024-09-05 01:22:46,31.2,3.89,10,429,29.05
2024-09-05 01:22:48,26.2,3.89,10,429,29.27
2024-09-05 01:22:49,30.2,3.90,9,429,29.12
2024-09-05 01:22:51,27.9,3.90,10,429,29.09
2024-09-05 01:22:52,30.2,3.90,10,429,29.23
2024-09-05 01:22:53,28.6,3.90,10,429,29.04
2024-09-05 01:22:55,27.4,3.90,9,429,29.15
2024-09-05 01:22:56,27.9,3.90,10,429,29.30
2024-09-05 01:22:57,29.5,3.90,9,429,29.33
2024-09-05 01:22:59,30.2,3.90,9,429,29.23
2024-09-05 01:23:00,28.6,3.88,10,429,29.28
2024-09-05 01:23:02,27.9,3.88,9,429,29.25
2024-09-05 01:23:03,30.2,3.88,9,429,29.07
2024-09-05 01:23:04,27.9,3.87,10,429,29.08
2024-09-05 01:23:06,27.4,2.73,0,182,26.32
2024-09-05 01:23:07,27.4,2.92,0,182,17.55
2024-09-05 01:23:08,29,3.03,0,182,14.71
2024-09-05 01:23:10,29,3.20,1,307,11.96
2024-09-05 01:23:11,1.6,2.71,0,182,30.28
2024-09-05 01:23:13,28.6,2.79,0,182,24.11
2024-09-05 01:23:14,29.7,2.97,0,182,11.54
2024-09-05 01:23:15,25.4,3.07,0,182,10.18
2024-09-05 01:23:17,50.8,3.22,0,307,29.74
2024-09-05 01:23:18,50.8,2.94,0,182,28.28
2024-09-05 01:23:19,27.4,3.02,0,182,15.80
2024-09-05 01:23:21,29,3.18,0,307,12.56
2024-09-05 01:23:22,3.2,2.70,0,182,30.33
2024-09-05 01:23:23,28.1,2.79,0,182,29.85
2024-09-05 01:23:25,27.4,2.99,0,182,17.73
2024-09-05 01:23:26,26.2,3.09,0,182,10.01
2024-09-05 01:23:28,27.4,2.70,1,182,29.84
2024-09-05 01:23:29,24.6,2.88,0,182,30.13
2024-09-05 01:23:30,27.4,3.01,0,182,13.77
2024-09-05 01:23:32,27.4,3.17,2,307,11.07
2024-09-05 01:23:33,3.2,2.70,0,182,30.36
2024-09-05 01:23:34,27,2.78,0,182,25.89
2024-09-05 01:23:36,27.9,2.96,0,182,18.87
2024-09-05 01:23:37,27.4,3.08,0,182,11.08
2024-09-05 01:23:39,26.2,3.57,1,427,29.23
2024-09-05 01:23:40,27.9,3.75,10,429,31.98
2024-09-05 01:23:41,29,3.76,10,429,28.87
2024-09-05 01:23:43,29,3.77,10,429,29.03
2024-09-05 01:23:44,28.6,3.78,10,429,28.97
2024-09-05 01:23:45,26.7,3.79,10,429,28.91
2024-09-05 01:23:47,27.4,3.79,8,429,28.92
2024-09-05 01:23:48,27.4,3.79,10,429,29.10
2024-09-05 01:23:50,27.9,3.79,9,429,29.17
2024-09-05 01:23:51,26.7,3.79,10,429,29.10
2024-09-05 01:23:52,29.7,3.79,10,429,29.10
2024-09-05 01:23:54,30.2,3.79,9,429,28.99
2024-09-05 01:23:55,27.9,3.79,10,429,29.11
2024-09-05 01:23:56,27.4,3.79,9,429,29.11
2024-09-05 01:23:58,29.5,3.77,10,429,28.96
2024-09-05 01:23:59,28.6,3.79,10,429,29.06
2024-09-05 01:24:01,29.7,3.79,10,429,29.17
2024-09-05 01:24:02,29.5,3.78,10,429,29.16
2024-09-05 01:24:03,29.5,3.79,10,429,29.25
2024-09-05 01:24:05,26.2,3.79,10,429,29.38
2024-09-05 01:24:06,27.9,3.79,9,429,29.28
2024-09-05 01:24:07,32.3,3.79,10,429,29.31
2024-09-05 01:24:09,28.6,3.78,10,429,29.28
2024-09-05 01:24:10,28.6,3.77,10,429,29.31
2024-09-05 01:24:12,28.6,3.76,9,429,29.18
2024-09-05 01:24:13,29.5,3.76,10,429,29.03
2024-09-05 01:24:14,27.4,3.77,10,429,29.28
2024-09-05 01:24:16,29,3.75,9,429,29.09
2024-09-05 01:24:17,38.1,3.76,10,429,29.22
2024-09-05 01:24:18,32.8,3.77,10,429,29.25
2024-09-05 01:24:20,44.3,3.82,9,429,29.17
2024-09-05 01:24:21,26.7,3.77,10,429,29.25
2024-09-05 01:24:23,29,3.78,9,429,29.20
2024-09-05 01:24:24,29.5,3.78,10,429,29.19
2024-09-05 01:24:25,27.9,3.78,10,429,29.28
2024-09-05 01:24:27,29,3.78,10,429,29.27
2024-09-05 01:24:28,30.2,3.77,10,429,29.19
2024-09-05 01:24:29,30.6,3.77,9,429,29.30
2024-09-05 01:24:31,28.6,3.78,10,429,29.25
2024-09-05 01:24:32,29.7,3.77,10,429,29.17
2024-09-05 01:24:34,28.6,3.77,10,429,29.13
2024-09-05 01:24:35,28.6,3.77,10,429,29.01
2024-09-05 01:24:36,27.4,3.78,10,429,29.03
2024-09-05 01:24:38,27.4,3.78,10,429,29.22
2024-09-05 01:24:39,29,3.78,10,429,29.26
2024-09-05 01:24:40,27.4,3.77,10,429,29.13
2024-09-05 01:24:42,27.9,3.77,10,429,29.22
2024-09-05 01:24:43,29,3.77,10,429,29.11
2024-09-05 01:24:45,29,3.77,10,429,29.05
2024-09-05 01:24:46,27.9,3.77,9,429,28.98
2024-09-05 01:24:47,26.2,3.78,9,429,28.93
2024-09-05 01:24:49,29.7,3.77,10,429,29.14
2024-09-05 01:24:50,29,3.77,10,429,29.08
2024-09-05 01:24:51,27.4,3.77,10,429,29.03
2024-09-05 01:24:53,27.4,2.70,0,182,25.42
2024-09-05 01:24:54,26.2,2.92,0,182,22.94
2024-09-05 01:24:56,25.8,3.03,0,182,18.66
2024-09-05 01:24:57,4.8,3.21,2,307,18.04
2024-09-05 01:24:58,25.8,2.77,0,182,30.44
2024-09-05 01:25:00,32.3,2.94,0,182,20.06
2024-09-05 01:25:01,28.6,3.05,0,182,14.95
2024-09-05 01:25:02,27.4,3.54,1,373,24.29
2024-09-05 01:25:04,27.4,3.86,26,617,46.87
2024-09-05 01:25:05,29,3.87,27,617,41.34
2024-09-05 01:25:06,27.4,3.88,24,617,40.84
2024-09-05 01:25:08,30.2,3.88,26,617,41.90
2024-09-05 01:25:09,27.4,3.89,27,617,40.54
2024-09-05 01:25:11,28.6,3.89,24,617,41.64
2024-09-05 01:25:12,28.6,3.89,24,617,40.53
2024-09-05 01:25:13,29,3.89,27,617,41.12
2024-09-05 01:25:15,30.2,3.89,25,617,41.04
2024-09-05 01:25:16,25,3.89,26,617,40.97
2024-09-05 01:25:18,29.5,3.89,20,617,40.99
2024-09-05 01:25:19,29,3.89,24,617,41.10
2024-09-05 01:25:20,27.4,3.88,24,617,40.77
2024-09-05 01:25:22,30.2,3.89,27,617,41.49
2024-09-05 01:25:23,29,3.89,26,617,41.10
2024-09-05 01:25:24,28.1,3.89,27,617,41.28
2024-09-05 01:25:26,30.2,3.89,26,617,41.31
2024-09-05 01:25:27,27.9,3.90,25,617,40.83
2024-09-05 01:25:29,28.6,3.90,26,617,41.36
2024-09-05 01:25:30,30.6,3.90,26,617,40.65
2024-09-05 01:25:31,25.8,3.90,24,617,40.56
2024-09-05 01:25:33,29,3.90,24,617,40.44
2024-09-05 01:25:34,29,3.89,26,617,42.29
2024-09-05 01:25:35,28.6,3.90,27,617,41.37
2024-09-05 01:25:37,27.9,3.89,24,617,41.63
2024-09-05 01:25:38,27.9,3.89,21,617,40.88
2024-09-05 01:25:40,27.9,3.89,27,617,42.36
2024-09-05 01:25:41,30.6,3.89,24,617,41.75
2024-09-05 01:25:42,29.7,3.90,26,617,41.25
2024-09-05 01:25:44,30.2,3.89,26,617,41.49
2024-09-05 01:25:45,29,3.89,25,617,41.31
2024-09-05 01:25:46,27.4,3.89,28,617,42.39
2024-09-05 01:25:48,27.4,3.90,26,617,42.28
2024-09-05 01:25:49,27.9,3.88,26,617,41.80
2024-09-05 01:25:51,27.4,3.90,25,617,40.49
2024-09-05 01:25:52,27.4,3.90,25,617,41.95
2024-09-05 01:25:53,27.4,3.90,25,617,40.93
2024-09-05 01:25:55,27.9,3.90,25,617,41.67
2024-09-05 01:25:56,29.7,3.90,26,617,40.96
2024-09-05 01:25:57,27.9,3.90,24,617,41.62
2024-09-05 01:25:59,29.7,3.90,21,617,41.19
2024-09-05 01:26:00,31.7,3.90,24,617,41.13
2024-09-05 01:26:02,33.3,3.88,25,617,41.59
2024-09-05 01:26:03,31.1,2.70,20,428,36.81
2024-09-05 01:26:04,31.1,2.70,20,428,37.05
2024-09-05 01:26:06,32.3,2.70,20,428,36.73
2024-09-05 01:26:07,31.1,2.70,20,428,36.99
2024-09-05 01:26:08,34.9,2.71,20,428,36.94
2024-09-05 01:26:10,32.8,2.71,20,428,36.94
2024-09-05 01:26:11,31.1,2.68,20,428,37.17
2024-09-05 01:26:13,30.6,2.68,20,428,36.97
2024-09-05 01:26:14,33.3,2.69,20,428,36.93
2024-09-05 01:26:15,35.9,2.69,20,428,37.12
2024-09-05 01:26:17,30.6,2.69,20,428,36.98
2024-09-05 01:26:18,31.1,2.69,20,428,37.04
2024-09-05 01:26:19,29,2.72,0,182,28.95
2024-09-05 01:26:21,27.9,2.81,0,182,25.71
2024-09-05 01:26:22,52.5,2.99,0,182,25.55
2024-09-05 01:26:24,29,3.09,0,196,25.42
2024-09-05 01:26:25,28.6,3.74,15,605,28.41
2024-09-05 01:26:26,27.4,3.75,20,605,37.74
2024-09-05 01:26:28,25.4,3.76,21,605,38.05
2024-09-05 01:26:29,28.6,3.76,22,605,37.32
2024-09-05 01:26:30,27.9,3.75,21,605,37.97
2024-09-05 01:26:32,27.4,3.76,21,605,37.84
2024-09-05 01:26:33,29,3.76,21,605,37.82
2024-09-05 01:26:35,27.9,3.77,21,605,38.07
2024-09-05 01:26:36,30.2,3.77,22,605,37.97
2024-09-05 01:26:37,28.6,3.78,20,605,37.33
2024-09-05 01:26:39,27.4,3.78,21,605,37.94
2024-09-05 01:26:40,28.6,3.78,22,605,38.09
2024-09-05 01:26:41,18,2.72,0,182,33.78
2024-09-05 01:26:43,25,2.87,0,182,25.51
2024-09-05 01:26:44,28.1,3.01,0,182,19.38
2024-09-05 01:26:45,26.2,3.12,0,197,12.60
2024-09-05 01:26:47,26.2,3.87,9,429,31.02
2024-09-05 01:26:48,29,3.87,9,429,29.88
2024-09-05 01:26:50,27.4,3.88,9,429,29.32
2024-09-05 01:26:51,27.9,3.88,10,429,29.40
2024-09-05 01:26:52,25.8,3.89,9,429,29.30
2024-09-05 01:26:54,26.2,3.90,9,429,29.32
2024-09-05 01:26:55,27.9,3.90,10,429,29.41
2024-09-05 01:26:56,28.6,3.90,9,429,29.48
2024-09-05 01:26:58,28.6,3.90,9,429,29.33
2024-09-05 01:26:59,28.6,3.89,10,429,29.33
2024-09-05 01:27:01,29,3.89,9,429,29.32
2024-09-05 01:27:02,29,3.90,9,429,29.24
2024-09-05 01:27:03,29,3.90,10,429,29.32
2024-09-05 01:27:05,30.8,3.90,10,429,29.26
2024-09-05 01:27:06,28.1,3.90,10,429,29.33
2024-09-05 01:27:08,27.4,3.90,10,429,29.36
2024-09-05 01:27:09,31.2,3.90,10,429,29.26
2024-09-05 01:27:10,26.2,3.90,10,429,29.40
2024-09-05 01:27:12,28.6,3.90,9,429,29.39
2024-09-05 01:27:13,26.7,3.90,10,429,29.21
2024-09-05 01:27:14,29,3.90,10,429,29.38
2024-09-05 01:27:16,31.2,3.90,10,429,29.34
2024-09-05 01:27:17,27.9,3.90,9,429,29.40
2024-09-05 01:27:19,29,3.90,10,429,29.43
2024-09-05 01:27:20,29,3.88,10,429,29.36
2024-09-05 01:27:21,27.4,3.88,10,429,29.31
2024-09-05 01:27:23,27.4,3.87,10,429,29.21
2024-09-05 01:27:24,29.5,3.87,10,363,29.31
2024-09-05 01:27:25,27.4,2.78,0,182,25.70
2024-09-05 01:27:27,27.4,2.97,0,182,22.30
2024-09-05 01:27:28,27,3.09,0,182,11.34
2024-09-05 01:27:30,21,3.58,2,182,25.75
2024-09-05 01:27:31,26.2,2.69,0,182,25.62
2024-09-05 01:27:32,29.7,2.92,0,182,15.59
2024-09-05 01:27:34,26.2,3.02,0,182,9.77
2024-09-05 01:27:35,12.7,3.20,0,182,15.23
2024-09-05 01:27:36,29.7,2.77,0,182,25.45
2024-09-05 01:27:38,25.8,2.96,0,182,20.51
2024-09-05 01:27:39,24.6,3.07,0,182,9.61
2024-09-05 01:27:40,22.2,3.57,2,182,20.87
2024-09-05 01:27:42,26.2,2.70,0,182,25.57
2024-09-05 01:27:43,27.9,2.93,0,182,13.48
2024-09-05 01:27:45,26.2,3.02,0,182,9.24
2024-09-05 01:27:46,28.3,3.21,2,329,14.73
2024-09-05 01:27:47,26.2,2.77,0,182,25.39
2024-09-05 01:27:49,27.4,2.95,0,182,18.28
2024-09-05 01:27:50,26.6,3.06,0,182,14.21
2024-09-05 01:27:51,8.5,3.57,2,182,22.27
2024-09-05 01:27:53,27.4,2.69,0,182,25.30
2024-09-05 01:27:54,28.6,2.94,0,182,13.43
2024-09-05 01:27:56,26.2,3.03,0,182,9.13
2024-09-05 01:27:57,30.2,3.20,3,331,14.77
2024-09-05 01:27:58,27.4,3.75,10,429,28.11
2024-09-05 01:28:00,27.4,3.76,10,429,29.30
2024-09-05 01:28:01,32.8,3.76,10,429,29.20
2024-09-05 01:28:02,30.6,3.75,10,429,29.20
2024-09-05 01:28:04,30.2,3.75,9,429,29.19
2024-09-05 01:28:05,27.9,3.75,9,429,29.17
2024-09-05 01:28:07,26.2,3.76,10,429,29.20
2024-09-05 01:28:08,30.2,3.76,9,429,29.22
2024-09-05 01:28:09,30.2,3.75,10,429,29.15
2024-09-05 01:28:11,27.9,3.76,10,429,29.15
2024-09-05 01:28:12,29,3.77,10,429,29.14
2024-09-05 01:28:13,29,3.77,9,429,29.12
2024-09-05 01:28:15,27.4,3.78,10,429,29.18
2024-09-05 01:28:16,31.2,3.78,9,429,29.14
2024-09-05 01:28:18,29,3.78,9,429,29.10
2024-09-05 01:28:19,29,3.78,10,429,29.29
2024-09-05 01:28:20,32.3,3.78,10,429,29.17
2024-09-05 01:28:22,26.7,3.78,10,429,29.16
2024-09-05 01:28:23,30.6,3.78,10,429,29.12
2024-09-05 01:28:24,29.5,3.77,10,429,29.22
2024-09-05 01:28:26,53.2,3.77,10,429,29.14
2024-09-05 01:28:27,29.5,3.77,10,429,29.12
2024-09-05 01:28:29,29,3.78,9,429,29.17
2024-09-05 01:28:30,30.2,3.78,10,429,29.23
2024-09-05 01:28:31,28.6,3.78,10,429,29.32
2024-09-05 01:28:33,30.2,3.78,10,429,29.18
2024-09-05 01:28:34,29.7,3.78,10,429,29.27
2024-09-05 01:28:35,27.4,3.77,9,429,29.12
2024-09-05 01:28:37,29,3.77,10,429,29.26
2024-09-05 01:28:38,26.7,3.77,9,429,29.13
2024-09-05 01:28:40,28.6,3.77,9,429,29.19
2024-09-05 01:28:41,30.2,3.78,10,429,29.23
2024-09-05 01:28:42,27.4,3.77,10,429,29.28
2024-09-05 01:28:44,28.6,3.77,10,429,29.31
2024-09-05 01:28:45,29.5,3.77,9,429,29.18
2024-09-05 01:28:46,29,3.77,10,429,29.41
2024-09-05 01:28:48,30.2,3.78,10,429,29.44
2024-09-05 01:28:49,28.6,3.76,10,429,29.27
2024-09-05 01:28:51,38.1,3.76,9,429,29.32
2024-09-05 01:28:52,27.4,3.74,9,429,29.37
2024-09-05 01:28:53,27.4,3.75,10,429,29.27
2024-09-05 01:28:55,27.9,3.77,10,429,29.35
2024-09-05 01:28:56,32.3,3.77,10,429,29.26
2024-09-05 01:28:57,29,3.77,9,429,29.35
2024-09-05 01:28:59,28.6,3.77,10,429,29.35
2024-09-05 01:29:00,28.6,3.77,10,429,29.32
2024-09-05 01:29:02,28.6,3.77,10,429,29.18
2024-09-05 01:29:03,31.7,3.78,9,429,29.25
2024-09-05 01:29:04,31.2,3.78,9,429,29.16
2024-09-05 01:29:06,26.2,3.78,9,429,29.16
2024-09-05 01:29:07,29,3.78,10,429,29.31
2024-09-05 01:29:08,29,3.78,9,429,29.21
2024-09-05 01:29:10,29,3.78,9,429,29.28
2024-09-05 01:29:11,6.2,2.71,2,182,28.21
2024-09-05 01:29:13,27.4,2.79,0,182,25.71
2024-09-05 01:29:14,28.6,2.98,0,182,17.64
2024-09-05 01:29:15,25.8,3.07,0,182,10.52
2024-09-05 01:29:17,27.4,2.71,0,182,25.13
2024-09-05 01:29:18,27.9,2.92,0,182,20.42
2024-09-05 01:29:19,30.2,3.04,0,182,10.91
2024-09-05 01:29:21,30.2,3.21,2,311,12.92
2024-09-05 01:29:22,28.6,3.87,23,617,37.08
2024-09-05 01:29:24,30.2,3.87,25,617,41.38
2024-09-05 01:29:25,31.2,3.88,25,617,40.07
2024-09-05 01:29:26,27.4,3.88,25,617,40.68
2024-09-05 01:29:28,31.7,3.89,20,617,40.41
2024-09-05 01:29:29,32.3,3.89,25,617,40.43
2024-09-05 01:29:30,29,3.89,26,617,40.93
2024-09-05 01:29:32,28.6,3.90,24,617,40.67
2024-09-05 01:29:33,27.4,3.90,25,617,41.36
2024-09-05 01:29:35,30.2,3.90,25,617,39.89
2024-09-05 01:29:36,27.4,3.90,25,617,40.99
2024-09-05 01:29:37,28.6,3.90,26,617,40.95
2024-09-05 01:29:39,27.4,3.90,22,617,40.75
2024-09-05 01:29:40,27.4,3.90,21,617,40.52
2024-09-05 01:29:41,27.9,3.90,23,617,40.12
2024-09-05 01:29:43,30.2,3.90,23,617,40.67
2024-09-05 01:29:44,27.4,3.90,26,617,40.29
2024-09-05 01:29:46,27.4,3.90,25,617,40.67
2024-09-05 01:29:47,29,3.89,25,617,39.99
2024-09-05 01:29:48,29,3.89,25,617,40.93
2024-09-05 01:29:50,29.5,3.89,23,617,40.18
2024-09-05 01:29:51,27.9,3.87,25,617,40.96
2024-09-05 01:29:52,27.4,3.88,26,617,40.98
2024-09-05 01:29:54,29.7,3.88,24,617,41.04
2024-09-05 01:29:55,27.4,3.87,20,617,40.48
2024-09-05 01:29:57,27.4,3.88,24,617,40.50
2024-09-05 01:29:58,29,3.88,26,617,41.52
2024-09-05 01:29:59,27.9,3.89,23,617,41.26
2024-09-05 01:30:01,29.7,3.89,24,617,40.92
2024-09-05 01:30:02,26.2,3.87,25,617,41.47
2024-09-05 01:30:03,27.4,3.87,24,617,41.19
2024-09-05 01:30:05,33.3,3.88,25,617,40.83
2024-09-05 01:30:06,27.4,3.90,26,617,41.00
2024-09-05 01:30:08,27.4,3.90,23,617,40.61
2024-09-05 01:30:09,29.5,3.90,25,617,41.59
2024-09-05 01:30:10,29.7,3.90,27,617,40.23
2024-09-05 01:30:12,31.8,3.90,24,617,41.06
2024-09-05 01:30:13,27.9,3.90,20,617,40.41
2024-09-05 01:30:15,27.9,3.90,25,617,41.51
2024-09-05 01:30:16,30.2,3.90,23,617,41.45
2024-09-05 01:30:17,30.2,3.90,24,617,40.01
2024-09-05 01:30:19,29,3.90,23,617,40.29
2024-09-05 01:30:20,29,3.90,26,617,40.78
2024-09-05 01:30:21,29,3.90,25,617,41.69
2024-09-05 01:30:23,53.2,3.90,8,431,33.45
2024-09-05 01:30:24,30.6,2.72,9,252,28.98
2024-09-05 01:30:25,33.3,2.71,9,252,29.13
2024-09-05 01:30:27,29.5,2.71,9,252,29.07
2024-09-05 01:30:28,32.8,2.71,9,252,29.01
2024-09-05 01:30:30,50.8,2.72,9,252,29.08
2024-09-05 01:30:31,54.1,2.70,9,252,28.94
2024-09-05 01:30:32,29.5,2.71,9,252,29.11
2024-09-05 01:30:34,32.3,2.71,9,252,29.05
2024-09-05 01:30:35,33.9,2.71,9,252,28.93
2024-09-05 01:30:36,32.3,2.70,9,252,28.94
2024-09-05 01:30:38,30.6,2.72,9,252,29.02
2024-09-05 01:30:39,29.5,2.72,9,252,29.03
2024-09-05 01:30:41,29.5,2.72,9,252,28.97
2024-09-05 01:30:42,30.6,2.72,9,252,28.92
2024-09-05 01:30:43,30.6,2.72,9,252,28.94
2024-09-05 01:30:45,31.1,2.71,9,252,29.06
2024-09-05 01:30:46,30.6,2.72,9,252,28.94
2024-09-05 01:30:47,30.6,2.70,9,252,28.94
2024-09-05 01:30:49,29.5,2.70,8,252,28.95
2024-09-05 01:30:50,29.5,2.70,9,252,28.95
2024-09-05 01:30:52,32.3,2.70,9,252,28.98
2024-09-05 01:30:53,30.6,2.70,9,252,29.08
2024-09-05 01:30:54,30.6,2.70,9,252,29.09
2024-09-05 01:30:56,29.5,2.71,9,252,29.09
2024-09-05 01:30:57,28.3,2.71,9,252,29.12
2024-09-05 01:30:59,32.3,2.71,9,252,29.06
2024-09-05 01:31:00,32.3,2.71,9,252,29.00
2024-09-05 01:31:01,32.3,2.71,9,252,29.01
2024-09-05 01:31:03,31.7,2.71,9,252,29.11
2024-09-05 01:31:04,31.1,2.71,9,252,28.95
2024-09-05 01:31:05,29.5,2.71,9,252,29.14
2024-09-05 01:31:07,33.3,2.71,9,252,29.05
2024-09-05 01:31:08,31.7,2.71,10,252,29.00
2024-09-05 01:31:10,29.5,2.71,9,252,29.11
2024-09-05 01:31:11,32.8,2.71,9,252,29.07
2024-09-05 01:31:12,30.6,2.71,9,252,29.08
2024-09-05 01:31:14,32.3,2.71,9,252,29.17
2024-09-05 01:31:15,32.3,2.71,9,252,29.03
2024-09-05 01:31:16,31.7,2.71,9,252,29.00
2024-09-05 01:31:18,30.6,2.71,9,252,28.80
2024-09-05 01:31:19,32.3,2.71,9,252,28.91
2024-09-05 01:31:21,29.5,2.71,9,252,28.93
2024-09-05 01:31:22,31.1,2.71,9,252,29.02
2024-09-05 01:31:23,32.3,2.71,9,252,28.94
2024-09-05 01:31:25,30.6,2.71,9,252,29.00
2024-09-05 01:31:26,59.4,2.71,8,252,28.84
2024-09-05 01:31:27,32.3,2.69,9,252,28.95
2024-09-05 01:31:29,30,2.69,9,252,28.83
2024-09-05 01:31:30,30.6,2.69,9,252,28.80
2024-09-05 01:31:31,32.3,2.69,9,252,28.94
2024-09-05 01:31:33,30.6,2.69,9,252,28.82
2024-09-05 01:31:34,32.8,2.68,9,252,28.88
2024-09-05 01:31:36,28.3,2.68,9,252,28.87
2024-09-05 01:31:37,33.9,2.68,9,252,28.86
2024-09-05 01:31:38,29,2.71,0,182,25.27
2024-09-05 01:31:40,28.1,2.95,0,182,25.28
2024-09-05 01:31:41,29,3.05,0,182,25.29
2024-09-05 01:31:42,29.7,3.23,1,359,25.45
2024-09-05 01:31:44,28.6,3.76,21,605,35.51
2024-09-05 01:31:45,27.4,3.77,22,605,38.23
2024-09-05 01:31:47,32.3,3.78,21,605,37.71
2024-09-05 01:31:48,27.9,3.78,21,605,38.08
2024-09-05 01:31:49,27.9,3.78,21,605,37.71
2024-09-05 01:31:51,29.7,3.78,22,605,38.19
2024-09-05 01:31:52,29,3.79,22,605,37.93
2024-09-05 01:31:53,28.6,3.79,22,605,37.81
2024-09-05 01:31:55,27.9,3.79,22,605,38.26
2024-09-05 01:31:56,29,3.79,19,605,37.79
2024-09-05 01:31:58,27.4,3.78,22,605,38.05
2024-09-05 01:31:59,29.5,3.79,21,605,37.68
2024-09-05 01:32:00,50,3.83,0,351,25.43
2024-09-05 01:32:02,27.4,2.98,0,182,25.49
2024-09-05 01:32:03,30.2,3.08,0,182,21.08
2024-09-05 01:32:04,27,3.50,2,375,28.72
2024-09-05 01:32:06,28.6,3.89,9,429,33.15
2024-09-05 01:32:07,31.2,3.89,10,429,29.40
2024-09-05 01:32:09,27.4,3.89,10,429,29.44
2024-09-05 01:32:10,29,3.90,10,429,29.34
2024-09-05 01:32:11,27.9,3.90,9,429,29.38
2024-09-05 01:32:13,27.4,3.90,10,429,29.42
2024-09-05 01:32:14,30.2,3.90,10,429,29.47
2024-09-05 01:32:15,27.4,3.92,9,429,29.35
2024-09-05 01:32:17,29,3.92,9,429,29.46
2024-09-05 01:32:18,29.5,3.92,10,429,29.43
2024-09-05 01:32:19,32.8,3.92,10,429,29.55
2024-09-05 01:32:21,29,3.92,10,429,29.58
2024-09-05 01:32:22,29.5,3.92,10,429,29.47
2024-09-05 01:32:24,28.6,3.90,10,429,29.46
2024-09-05 01:32:25,28.6,3.90,9,429,29.53
2024-09-05 01:32:26,27.4,3.90,10,429,29.44
2024-09-05 01:32:28,30.2,3.90,10,429,29.39
2024-09-05 01:32:29,31.2,3.90,10,429,29.34
2024-09-05 01:32:30,29,3.90,10,429,29.42
2024-09-05 01:32:32,27.9,3.91,10,429,29.34
2024-09-05 01:32:33,30.2,3.91,10,429,29.39
2024-09-05 01:32:35,51.7,3.90,9,429,29.21
2024-09-05 01:32:36,28.6,3.90,10,429,29.48
2024-09-05 01:32:37,30.2,3.90,10,429,29.50
2024-09-05 01:32:39,29,3.90,10,429,29.40
2024-09-05 01:32:40,30.2,3.90,10,429,29.69
2024-09-05 01:32:41,27.4,3.91,9,429,29.42
2024-09-05 01:32:43,27.4,2.73,0,182,25.77
2024-09-05 01:32:44,26.2,2.96,0,182,25.30
2024-09-05 01:32:46,27,3.05,0,182,19.72
2024-09-05 01:32:47,27.9,3.22,1,329,16.74
2024-09-05 01:32:48,4.8,2.72,0,182,30.60
2024-09-05 01:32:50,28.6,2.83,0,182,16.86
2024-09-05 01:32:51,27.4,3.01,0,182,10.32
2024-09-05 01:32:52,29,3.11,0,196,9.76
2024-09-05 01:32:54,28.6,2.72,0,182,25.58
2024-09-05 01:32:55,27.4,2.93,0,182,23.74
2024-09-05 01:32:57,26.2,3.04,0,182,17.59
2024-09-05 01:32:58,30.2,3.21,1,307,12.96
2024-09-05 01:32:59,1.6,2.70,0,182,30.47
2024-09-05 01:33:01,27,2.81,0,182,16.89
2024-09-05 01:33:02,27.9,3.01,0,182,10.27
2024-09-05 01:33:03,24.2,3.11,0,196,9.66
2024-09-05 01:33:05,25,2.73,0,182,30.32
2024-09-05 01:33:06,26.2,2.94,0,182,30.29
2024-09-05 01:33:08,30.2,3.05,0,182,16.41
2024-09-05 01:33:09,28.6,3.23,0,325,13.24
2024-09-05 01:33:10,4.8,2.73,0,182,25.50
2024-09-05 01:33:12,28.6,2.81,0,182,18.81
2024-09-05 01:33:13,27.9,3.00,0,182,14.53
2024-09-05 01:33:14,27.9,3.09,0,182,9.88
2024-09-05 01:33:16,27.9,3.76,2,429,31.22
2024-09-05 01:33:17,27.9,3.78,10,429,30.90
2024-09-05 01:33:19,29.5,3.78,9,429,28.83
2024-09-05 01:33:20,30.2,3.78,10,429,28.85
2024-09-05 01:33:21,28.6,3.78,10,429,28.80
2024-09-05 01:33:23,30.6,3.78,10,429,28.75
2024-09-05 01:33:24,28.6,3.77,10,429,28.84
2024-09-05 01:33:25,29.7,3.79,10,429,28.94
2024-09-05 01:33:27,27.4,3.80,9,429,28.87
2024-09-05 01:33:28,58.1,3.80,9,429,28.93
2024-09-05 01:33:30,29,3.77,10,429,29.00
2024-09-05 01:33:31,28.6,3.78,10,429,28.95
2024-09-05 01:33:32,29,3.78,10,429,28.84
2024-09-05 01:33:34,30.2,3.79,9,429,28.92
2024-09-05 01:33:35,28.6,3.79,10,429,29.15
2024-09-05 01:33:36,28.6,3.79,10,429,29.17
2024-09-05 01:33:38,29,3.79,10,429,29.17
2024-09-05 01:33:39,28.3,3.80,10,429,29.16
2024-09-05 01:33:41,31.2,3.78,10,429,29.18
2024-09-05 01:33:42,30.2,3.78,10,429,29.29
2024-09-05 01:33:43,27.4,3.79,10,429,29.31
2024-09-05 01:33:45,30.6,3.79,10,429,29.31
2024-09-05 01:33:46,29.5,3.79,10,429,29.19
2024-09-05 01:33:47,30.2,3.79,10,429,29.08
2024-09-05 01:33:49,30.2,3.79,8,429,29.14
2024-09-05 01:33:50,28.6,3.80,10,429,29.07
2024-09-05 01:33:52,27.4,3.79,9,429,29.20
2024-09-05 01:33:53,30.2,3.79,10,429,29.12
2024-09-05 01:33:54,30.2,3.80,10,429,29.05
2024-09-05 01:33:56,28.6,3.80,10,429,29.20
2024-09-05 01:33:57,27.4,3.80,9,429,29.20
2024-09-05 01:33:58,27.9,3.80,10,429,29.13
2024-09-05 01:34:00,27.9,3.80,9,429,29.26
2024-09-05 01:34:01,26.7,3.80,9,429,29.21
2024-09-05 01:34:03,30.2,3.80,9,429,29.22
2024-09-05 01:34:04,27.4,3.80,10,429,29.21
2024-09-05 01:34:05,27.4,3.78,9,429,29.19
2024-09-05 01:34:07,30.2,3.77,10,429,29.15
2024-09-05 01:34:08,31.2,3.78,10,429,29.21
2024-09-05 01:34:09,29.5,3.78,9,429,29.27
2024-09-05 01:34:11,31.7,3.79,9,429,29.03
2024-09-05 01:34:12,28.6,3.79,9,429,29.09
2024-09-05 01:34:14,28.6,3.79,9,429,29.18
2024-09-05 01:34:15,26.2,3.78,9,429,29.22
2024-09-05 01:34:16,27.4,3.78,10,429,29.21
2024-09-05 01:34:18,29,3.79,9,429,29.21
2024-09-05 01:34:19,29.5,3.79,9,429,29.37
2024-09-05 01:34:21,28.6,3.79,10,429,29.48
2024-09-05 01:34:22,26.2,3.79,9,429,29.43
2024-09-05 01:34:23,29,3.79,10,429,29.42
2024-09-05 01:34:25,28.6,3.78,10,429,29.47
2024-09-05 01:34:26,33.8,3.78,10,429,29.36
2024-09-05 01:34:27,27.4,3.78,10,429,29.45
2024-09-05 01:34:29,33.9,3.78,10,429,29.43
2024-09-05 01:34:30,26.7,2.75,0,182,25.66
2024-09-05 01:34:32,27.4,2.97,0,182,23.81
2024-09-05 01:34:33,30.2,3.07,0,182,17.89
2024-09-05 01:34:34,6.5,2.77,1,182,19.59
2024-09-05 01:34:36,27.4,2.81,0,182,25.63
2024-09-05 01:34:37,30.2,3.00,0,182,23.93
2024-09-05 01:34:38,53.2,3.11,0,182,10.83
2024-09-05 01:34:40,31.7,3.72,5,603,25.82
2024-09-05 01:34:41,30.8,3.87,27,617,41.05
2024-09-05 01:34:42,26.2,3.88,24,617,41.33
2024-09-05 01:34:44,28.6,3.88,25,617,41.61
2024-09-05 01:34:45,27.9,3.88,26,617,42.00
2024-09-05 01:34:47,27.9,3.88,26,617,40.37
2024-09-05 01:34:48,30.2,3.88,24,617,41.41
2024-09-05 01:34:49,27.9,3.90,27,617,40.84
2024-09-05 01:34:51,31.2,3.90,26,617,41.35
2024-09-05 01:34:52,27.4,3.90,26,617,39.90
2024-09-05 01:34:54,28.6,3.90,25,617,41.38
2024-09-05 01:34:55,28.3,3.90,21,617,40.93
2024-09-05 01:34:56,30.6,3.90,27,617,40.29
2024-09-05 01:34:58,27.9,3.90,26,617,41.01
2024-09-05 01:34:59,34.4,3.90,26,617,41.46
2024-09-05 01:35:00,29,3.90,25,617,41.72
2024-09-05 01:35:02,26.7,3.90,26,617,40.24
2024-09-05 01:35:03,27.9,3.88,25,617,41.40
2024-09-05 01:35:05,26.2,3.88,24,617,40.89
2024-09-05 01:35:06,27.4,3.89,23,617,42.05
2024-09-05 01:35:07,27.4,3.89,26,617,40.28
2024-09-05 01:35:09,27.9,3.90,26,617,41.80
2024-09-05 01:35:10,30.2,3.91,26,617,40.72
2024-09-05 01:35:11,30.2,3.91,26,617,41.81
2024-09-05 01:35:13,29,3.91,21,617,40.55
2024-09-05 01:35:14,29,3.91,26,617,40.22
2024-09-05 01:35:16,27.4,3.89,24,617,40.40
2024-09-05 01:35:17,27.9,3.89,26,617,41.06
2024-09-05 01:35:18,28.6,3.89,26,617,41.81
2024-09-05 01:35:20,27.4,3.89,26,617,40.25
2024-09-05 01:35:21,28.6,3.89,26,617,41.66
2024-09-05 01:35:22,26.2,3.90,25,617,40.51
2024-09-05 01:35:24,28.6,3.90,26,617,41.30
2024-09-05 01:35:25,31.2,3.91,25,617,40.34
2024-09-05 01:35:27,31.7,3.91,26,617,41.02
2024-09-05 01:35:28,28.6,3.89,20,617,40.70
2024-09-05 01:35:29,29.5,3.89,26,617,41.90
2024-09-05 01:35:31,50,3.92,24,617,41.68
2024-09-05 01:35:32,30.2,3.89,26,617,41.92
2024-09-05 01:35:33,30.2,3.89,24,617,40.55
2024-09-05 01:35:35,29,3.88,25,617,41.55
2024-09-05 01:35:36,28.6,3.88,25,617,41.43
2024-09-05 01:35:37,27.4,3.89,23,617,40.19
2024-09-05 01:35:39,30.2,3.89,26,617,41.42
2024-09-05 01:35:40,30,2.71,20,428,37.29
2024-09-05 01:35:42,32.3,2.72,20,428,36.90
2024-09-05 01:35:43,32.3,2.72,20,428,37.11
2024-09-05 01:35:44,30.6,2.72,20,428,36.97
2024-09-05 01:35:46,30.6,2.72,20,428,36.93
2024-09-05 01:35:47,31.1,2.72,20,428,36.62
2024-09-05 01:35:48,30.6,2.72,20,428,36.82
2024-09-05 01:35:50,32.3,2.72,20,428,36.85
2024-09-05 01:35:51,30.6,2.72,20,428,36.97
2024-09-05 01:35:53,29.5,2.72,20,428,36.91
2024-09-05 01:35:54,31.1,2.72,20,428,36.72
2024-09-05 01:35:55,30,2.72,19,428,36.95
2024-09-05 01:35:57,82,2.72,20,182,36.79
2024-09-05 01:35:58,29,2.73,0,182,25.54
2024-09-05 01:36:00,27.4,2.97,0,182,25.48
2024-09-05 01:36:01,27.9,3.07,0,182,25.51
2024-09-05 01:36:02,27.9,3.32,1,367,25.72
2024-09-05 01:36:04,27.4,3.77,22,605,37.07
2024-09-05 01:36:05,27.4,3.78,22,605,38.22
2024-09-05 01:36:06,27.9,3.79,21,605,38.22
2024-09-05 01:36:08,31.2,3.80,21,605,38.25
2024-09-05 01:36:09,30.2,3.78,21,605,38.40
2024-09-05 01:36:10,27.9,3.79,22,605,38.79
2024-09-05 01:36:12,30.6,3.79,21,605,38.45
2024-09-05 01:36:13,29.5,3.79,22,605,38.13
2024-09-05 01:36:15,30.6,3.78,20,605,38.26
2024-09-05 01:36:16,30.2,3.78,20,605,38.40
2024-09-05 01:36:17,26.7,3.79,21,605,38.41
2024-09-05 01:36:19,31.2,3.80,21,605,38.47
2024-09-05 01:36:20,31.2,2.74,0,182,25.95
2024-09-05 01:36:21,28.6,2.99,0,182,25.44
2024-09-05 01:36:23,27.4,3.08,0,182,21.30
2024-09-05 01:36:24,29.7,3.24,2,331,19.04
2024-09-05 01:36:26,29,3.90,10,429,28.73
2024-09-05 01:36:27,30.2,3.90,10,429,29.78
2024-09-05 01:36:28,27.9,3.90,10,429,29.70
2024-09-05 01:36:30,25.4,3.90,10,429,29.67
2024-09-05 01:36:31,28.6,3.90,9,429,29.64
2024-09-05 01:36:32,29,3.87,10,429,29.62
2024-09-05 01:36:34,30.2,3.88,10,429,29.68
2024-09-05 01:36:35,29,3.88,10,429,29.70
2024-09-05 01:36:37,30.6,3.88,10,429,29.72
2024-09-05 01:36:38,29.5,3.88,10,429,29.68
2024-09-05 01:36:39,28.6,3.88,10,429,29.72
2024-09-05 01:36:41,30.6,3.88,10,429,29.77
2024-09-05 01:36:42,35.9,3.90,10,429,29.67
2024-09-05 01:36:43,51.7,3.88,9,429,29.52
2024-09-05 01:36:45,26.2,3.87,10,429,29.69
2024-09-05 01:36:46,27.9,3.86,9,429,29.57
2024-09-05 01:36:48,29.7,3.86,10,429,29.71
2024-09-05 01:36:49,30.2,3.87,10,429,29.55
2024-09-05 01:36:50,29,3.88,10,429,29.67
2024-09-05 01:36:52,26.2,3.89,8,429,29.58
2024-09-05 01:36:53,28.6,3.89,9,429,29.61
2024-09-05 01:36:54,26.2,3.89,10,429,29.61
2024-09-05 01:36:56,27.9,3.89,10,429,29.64
2024-09-05 01:36:57,30.6,3.89,10,429,29.73
2024-09-05 01:36:59,31.7,3.89,9,429,29.65
2024-09-05 01:37:00,29.5,3.89,10,429,29.70
2024-09-05 01:37:01,29,3.89,10,429,29.58
2024-09-05 01:37:03,27.4,2.71,0,182,27.62
2024-09-05 01:37:04,24.6,2.90,0,182,25.95
2024-09-05 01:37:05,27.4,3.02,0,182,17.18
2024-09-05 01:37:07,28.6,3.18,0,307,12.64
2024-09-05 01:37:08,3.2,2.70,0,182,25.81
2024-09-05 01:37:10,26.2,2.77,0,182,25.70
2024-09-05 01:37:11,29.7,2.96,0,182,14.80
2024-09-05 01:37:12,29,3.08,0,182,10.12
2024-09-05 01:37:14,25,2.70,0,182,25.57
2024-09-05 01:37:15,23.3,2.89,0,182,25.48
2024-09-05 01:37:16,30.2,3.02,0,182,17.91
2024-09-05 01:37:18,28.6,3.18,2,307,12.38
2024-09-05 01:37:19,6.2,2.69,0,182,25.58
2024-09-05 01:37:21,29,2.78,0,182,20.03
2024-09-05 01:37:22,27.4,2.97,0,182,15.15
2024-09-05 01:37:23,27.4,3.08,0,182,9.89
2024-09-05 01:37:25,28.6,2.71,2,182,24.68
2024-09-05 01:37:26,26.6,2.87,0,182,25.43
2024-09-05 01:37:27,30.2,3.00,0,182,16.00
2024-09-05 01:37:29,28.6,3.11,2,307,10.37
2024-09-05 01:37:30,6.2,2.69,0,182,29.93
2024-09-05 01:37:31,25.8,2.76,0,182,29.87
2024-09-05 01:37:33,51.6,2.99,0,182,15.03
2024-09-05 01:37:34,25.8,3.06,0,182,10.31
2024-09-05 01:37:36,27.4,3.58,2,423,18.71
2024-09-05 01:37:37,27.9,3.75,9,429,33.10
2024-09-05 01:37:38,32.3,3.75,10,429,29.03
2024-09-05 01:37:40,27.4,3.76,10,429,29.20
2024-09-05 01:37:41,33.3,3.76,10,429,29.22
2024-09-05 01:37:42,28.6,3.78,10,429,29.24
2024-09-05 01:37:44,26.2,3.76,9,429,29.27
2024-09-05 01:37:45,28.6,3.78,10,429,29.26
2024-09-05 01:37:46,28.6,3.78,10,429,29.34
2024-09-05 01:37:48,30.2,3.78,9,429,29.34
2024-09-05 01:37:49,29,3.78,9,429,29.41
2024-09-05 01:37:51,26.2,3.78,9,429,29.33
2024-09-05 01:37:52,27.9,3.78,10,429,29.33
2024-09-05 01:37:53,26.2,3.78,10,429,29.46
2024-09-05 01:37:55,28.6,3.78,10,429,29.38
2024-09-05 01:37:56,30.6,3.78,10,429,29.36
2024-09-05 01:37:57,29,3.77,10,429,29.23
2024-09-05 01:37:59,27.9,3.77,9,429,29.45
2024-09-05 01:38:00,28.6,3.77,10,429,29.54
2024-09-05 01:38:02,28.6,3.76,9,429,29.30
2024-09-05 01:38:03,30.2,3.75,9,429,29.26
2024-09-05 01:38:04,29,3.77,9,429,29.35
2024-09-05 01:38:06,28.6,3.77,10,429,29.30
2024-09-05 01:38:07,30.2,3.77,10,429,29.35
2024-09-05 01:38:08,33.3,3.77,10,429,29.36
2024-09-05 01:38:10,30,3.77,9,429,29.32
2024-09-05 01:38:11,29.5,3.78,10,429,29.27
2024-09-05 01:38:13,31.7,3.78,9,429,29.18
2024-09-05 01:38:14,31.7,3.78,10,429,29.30
2024-09-05 01:38:15,29,3.78,9,429,29.34
2024-09-05 01:38:17,26.7,3.78,10,429,29.21
2024-09-05 01:38:18,29,3.78,9,429,29.28
2024-09-05 01:38:19,30.2,3.76,9,429,29.31
2024-09-05 01:38:21,29,3.76,10,429,29.26
2024-09-05 01:38:22,28.6,3.76,9,429,29.24
2024-09-05 01:38:24,27.4,3.76,9,429,29.11
2024-09-05 01:38:25,30.2,3.77,9,429,29.17
2024-09-05 01:38:26,27.4,3.77,10,429,29.08
2024-09-05 01:38:28,30.6,3.77,10,429,29.02
2024-09-05 01:38:29,27.9,3.77,10,429,29.14
2024-09-05 01:38:30,26.7,3.77,10,429,29.17
2024-09-05 01:38:32,30.2,3.77,9,429,29.15
2024-09-05 01:38:33,29.7,3.77,10,429,29.01
2024-09-05 01:38:35,26.2,3.78,10,429,29.03
2024-09-05 01:38:36,27.9,3.77,10,429,29.21
2024-09-05 01:38:37,28.6,3.77,10,429,28.99
2024-09-05 01:38:39,30.2,3.77,9,429,28.95
2024-09-05 01:38:40,29,3.77,9,429,28.92
2024-09-05 01:38:41,29,3.77,10,429,29.15
2024-09-05 01:38:43,30.2,3.78,10,429,29.12
2024-09-05 01:38:44,30.2,3.78,10,429,28.98
2024-09-05 01:38:46,31.7,3.78,10,429,28.99
2024-09-05 01:38:47,54,3.78,9,429,29.06
2024-09-05 01:38:48,27.9,3.76,9,429,29.10
2024-09-05 01:38:50,3.2,2.70,10,182,28.48
2024-09-05 01:38:51,29,2.73,0,182,25.35
2024-09-05 01:38:53,25.8,2.94,0,182,18.94
2024-09-05 01:38:54,29,3.05,0,182,10.08
2024-09-05 01:38:55,4.8,2.69,0,182,17.16
2024-09-05 01:38:57,27.4,2.79,0,182,25.27
2024-09-05 01:38:58,30.6,2.98,0,182,24.86
2024-09-05 01:38:59,27.4,3.10,0,182,10.40
2024-09-05 01:39:01,27.4,3.70,2,617,29.62
2024-09-05 01:39:02,31.2,3.85,26,617,46.10
2024-09-05 01:39:03,28.6,3.87,27,617,41.07
2024-09-05 01:39:05,29,3.88,25,617,41.38
2024-09-05 01:39:06,30.2,3.88,26,617,41.12
2024-09-05 01:39:08,28.6,3.88,26,617,40.48
2024-09-05 01:39:09,29,3.88,25,617,42.12
2024-09-05 01:39:10,27.4,3.87,27,617,41.41
2024-09-05 01:39:12,28.6,3.87,26,617,41.19
2024-09-05 01:39:13,30.2,3.87,26,617,40.86
2024-09-05 01:39:14,27.9,3.87,26,617,41.24
2024-09-05 01:39:16,27.4,3.87,26,617,40.86
2024-09-05 01:39:17,26.2,3.88,25,617,40.85
2024-09-05 01:39:19,27.4,3.88,19,617,40.42
2024-09-05 01:39:20,31.7,3.88,26,617,42.27
2024-09-05 01:39:21,27.4,3.89,21,617,40.53
2024-09-05 01:39:23,29,3.89,26,617,40.75
2024-09-05 01:39:24,29.5,3.89,26,617,40.90
2024-09-05 01:39:25,28.6,3.89,25,617,41.30
2024-09-05 01:39:27,26.2,3.89,25,617,41.38
2024-09-05 01:39:28,33.3,3.89,27,617,41.14
2024-09-05 01:39:30,26.2,3.89,27,617,41.66
2024-09-05 01:39:31,28.6,3.89,25,617,40.29
2024-09-05 01:39:32,26.2,3.90,25,617,41.13
2024-09-05 01:39:34,29,3.88,25,617,40.20
2024-09-05 01:39:35,39.7,3.90,25,617,41.42
2024-09-05 01:39:36,27.4,3.88,19,617,40.10
2024-09-05 01:39:38,32.8,3.89,25,617,41.89
2024-09-05 01:39:39,30.6,3.89,26,617,41.04
2024-09-05 01:39:41,29,3.88,27,617,41.31
2024-09-05 01:39:42,30.2,3.89,24,617,41.71
2024-09-05 01:39:43,30.2,3.89,25,617,41.57
2024-09-05 01:39:45,27.4,3.89,27,617,41.83
2024-09-05 01:39:46,27.4,3.89,24,617,41.29
2024-09-05 01:39:47,28.6,3.88,25,617,41.30
2024-09-05 01:39:49,28.6,3.88,23,617,40.63
2024-09-05 01:39:50,29,3.88,26,617,41.70
2024-09-05 01:39:51,26.7,3.88,25,617,41.05
2024-09-05 01:39:53,29,3.88,24,617,40.62
2024-09-05 01:39:54,29,3.88,27,617,40.49
2024-09-05 01:39:56,30.2,3.87,25,617,41.31
2024-09-05 01:39:57,30.6,3.87,26,617,40.72
2024-09-05 01:39:58,33.3,3.87,25,617,40.48
2024-09-05 01:40:00,31.2,3.87,25,617,41.10
2024-09-05 01:40:01,30.6,2.69,20,428,35.92
2024-09-05 01:40:02,31.7,2.69,20,428,36.89
2024-09-05 01:40:04,35.5,2.70,18,428,36.68
2024-09-05 01:40:05,30.6,2.70,20,428,37.06
2024-09-05 01:40:07,30,2.70,20,428,36.92
2024-09-05 01:40:08,32.3,2.70,20,428,36.86
2024-09-05 01:40:09,30.6,2.71,20,428,37.04
2024-09-05 01:40:11,34.9,2.71,19,428,36.79
2024-09-05 01:40:12,33.3,2.71,20,428,36.85
2024-09-05 01:40:13,33.9,2.70,20,428,37.03
2024-09-05 01:40:15,33.3,2.70,20,428,36.72
2024-09-05 01:40:16,30.6,2.70,20,428,36.83
2024-09-05 01:40:18,84.6,2.70,14,182,34.89
2024-09-05 01:40:19,27,2.78,0,182,25.42
2024-09-05 01:40:20,27.4,2.99,0,182,25.41
2024-09-05 01:40:22,27.9,3.08,0,182,25.39
2024-09-05 01:40:23,27.9,3.60,0,601,25.54
2024-09-05 01:40:24,28.6,3.77,20,605,37.96
2024-09-05 01:40:26,28.6,3.78,21,605,37.68
2024-09-05 01:40:27,29.7,3.78,21,605,37.40
2024-09-05 01:40:29,33.3,3.78,21,605,37.83
2024-09-05 01:40:30,26.7,3.79,21,605,37.26
2024-09-05 01:40:31,28.6,3.79,21,605,37.99
2024-09-05 01:40:33,27.9,3.79,20,605,37.73
2024-09-05 01:40:34,27.9,3.78,22,605,37.72
2024-09-05 01:40:35,28.3,3.78,19,605,37.73
2024-09-05 01:40:37,29,3.78,20,605,37.60
2024-09-05 01:40:38,29,3.78,20,605,37.86
2024-09-05 01:40:40,29,3.79,20,605,37.74
2024-09-05 01:40:41,27.9,2.74,0,182,25.60
2024-09-05 01:40:42,25,2.96,0,182,19.40
2024-09-05 01:40:44,27.9,3.05,0,182,14.95
2024-09-05 01:40:45,30.2,3.23,1,331,19.25
2024-09-05 01:40:46,30.2,3.88,10,429,28.62
2024-09-05 01:40:48,36.5,3.89,10,429,29.31
2024-09-05 01:40:49,27.9,3.89,10,429,29.24
2024-09-05 01:40:51,53.2,3.91,9,429,29.21
2024-09-05 01:40:52,29,3.91,10,429,29.29
2024-09-05 01:40:53,29,3.91,10,429,29.22
2024-09-05 01:40:55,29,3.91,10,429,29.43
2024-09-05 01:40:56,30.6,3.91,10,429,29.29
2024-09-05 01:40:57,30.6,3.91,10,429,29.24
2024-09-05 01:40:59,30.6,3.91,10,429,29.33
2024-09-05 01:41:00,27.4,3.91,10,429,29.42
2024-09-05 01:41:02,27.9,3.91,9,429,29.33
2024-09-05 01:41:03,30.2,3.91,10,429,29.32
2024-09-05 01:41:04,28.6,3.91,10,429,29.34
2024-09-05 01:41:06,31.2,3.91,10,429,29.49
2024-09-05 01:41:07,27.4,3.91,10,429,29.41
2024-09-05 01:41:08,28.6,3.91,9,429,29.32
2024-09-05 01:41:10,26.2,3.91,9,429,29.33
2024-09-05 01:41:11,26.2,3.91,10,429,29.42
2024-09-05 01:41:13,27.4,3.91,10,429,29.35
2024-09-05 01:41:14,29.5,3.91,10,429,29.56
2024-09-05 01:41:15,27.9,3.91,10,429,29.38
2024-09-05 01:41:17,26.2,3.91,10,429,29.42
2024-09-05 01:41:18,29,3.91,10,429,29.42
2024-09-05 01:41:19,30.2,3.91,10,429,29.41
2024-09-05 01:41:21,28.6,3.91,10,429,29.33
2024-09-05 01:41:22,30.2,3.91,10,182,29.33
2024-09-05 01:41:24,29,2.82,0,182,25.42
2024-09-05 01:41:25,28.6,2.98,0,182,24.62
2024-09-05 01:41:26,27.9,3.09,0,182,10.99
2024-09-05 01:41:28,11.3,2.78,2,182,30.08
2024-09-05 01:41:29,31.7,2.73,0,182,29.90
2024-09-05 01:41:30,26.2,2.98,0,182,20.99
2024-09-05 01:41:32,26.7,3.07,0,182,10.28
2024-09-05 01:41:33,19,3.23,0,182,17.12
2024-09-05 01:41:35,24.6,2.81,0,182,30.17
2024-09-05 01:41:36,26.2,2.99,0,182,27.05
2024-09-05 01:41:37,29,3.13,0,182,11.22
2024-09-05 01:41:39,22.6,3.59,2,182,20.41
2024-09-05 01:41:40,29.7,2.73,0,182,25.12
2024-09-05 01:41:41,29,2.96,0,182,21.09
2024-09-05 01:41:43,26.2,3.05,0,182,10.04
2024-09-05 01:41:44,31.7,3.23,1,357,16.26
2024-09-05 01:41:45,28.6,2.80,0,182,30.36
2024-09-05 01:41:47,27.4,2.99,0,182,24.02
2024-09-05 01:41:48,24.2,3.10,0,182,11.85
2024-09-05 01:41:50,22.2,3.59,1,182,26.73
2024-09-05 01:41:51,27.9,2.73,0,182,29.97
2024-09-05 01:41:52,28.6,2.97,0,182,21.39
2024-09-05 01:41:54,29.7,3.06,0,182,9.79
2024-09-05 01:41:55,30.2,3.23,0,331,15.83
2024-09-05 01:41:56,30.2,3.78,8,429,33.21
2024-09-05 01:41:58,30.6,3.79,9,429,28.99
2024-09-05 01:41:59,29,3.79,10,429,28.92
2024-09-05 01:42:01,26.7,3.77,9,429,28.85
2024-09-05 01:42:02,27.4,3.78,10,429,28.78
2024-09-05 01:42:03,30.2,3.78,9,429,28.82
2024-09-05 01:42:05,28.6,3.79,9,429,28.82
2024-09-05 01:42:06,29,3.79,10,429,28.94
2024-09-05 01:42:07,29.7,3.79,10,429,28.81
2024-09-05 01:42:09,34.9,3.79,10,429,28.89
2024-09-05 01:42:10,30.2,3.80,9,429,28.91
2024-09-05 01:42:12,28.6,3.80,9,429,28.76
2024-09-05 01:42:13,30.6,3.80,9,429,28.84
2024-09-05 01:42:14,30.2,3.80,10,429,28.88
2024-09-05 01:42:16,30.2,3.80,10,429,28.90
2024-09-05 01:42:17,29.5,3.80,9,429,28.86
2024-09-05 01:42:18,28.6,3.80,10,429,28.99
2024-09-05 01:42:20,29.7,3.80,9,429,28.96
2024-09-05 01:42:21,27.9,3.78,9,429,28.95
2024-09-05 01:42:23,27.9,3.80,9,429,28.90
2024-09-05 01:42:24,27.9,3.78,9,429,28.96
2024-09-05 01:42:25,27.9,3.79,9,429,29.05
2024-09-05 01:42:27,27.4,3.79,8,429,29.04
2024-09-05 01:42:28,30.2,3.79,9,429,28.97
2024-09-05 01:42:29,29.5,3.79,10,429,29.07
2024-09-05 01:42:31,28.6,3.79,10,429,29.16
2024-09-05 01:42:32,30.2,3.79,10,429,29.03
2024-09-05 01:42:34,27.9,3.79,9,429,28.84
2024-09-05 01:42:35,29.5,3.79,9,429,28.95
2024-09-05 01:42:36,29,3.79,10,429,29.07
2024-09-05 01:42:38,30.2,3.79,9,429,28.98
2024-09-05 01:42:39,28.8,3.79,9,429,28.93
2024-09-05 01:42:40,29,3.79,10,429,29.06
2024-09-05 01:42:42,29,3.79,10,429,29.12
2024-09-05 01:42:43,26.7,3.79,10,429,29.12
2024-09-05 01:42:45,30.2,3.78,10,429,29.00
2024-09-05 01:42:46,29,3.78,10,429,29.07
2024-09-05 01:42:47,31.2,3.78,9,429,29.07
2024-09-05 01:42:49,27.9,3.78,9,429,28.95
2024-09-05 01:42:50,29,3.78,9,429,29.08
2024-09-05 01:42:51,35.5,3.79,9,429,28.86
2024-09-05 01:42:53,30.6,3.79,10,429,29.01
2024-09-05 01:42:54,31.2,3.79,10,429,29.04
2024-09-05 01:42:56,52.5,3.80,9,429,28.95
2024-09-05 01:42:57,28.3,3.78,10,429,29.04
2024-09-05 01:42:58,27.9,3.77,10,429,29.06
2024-09-05 01:43:00,29.5,3.78,10,429,29.05
2024-09-05 01:43:01,30.6,3.78,9,429,29.05
2024-09-05 01:43:02,30.6,3.78,10,429,29.13
2024-09-05 01:43:04,27.9,3.78,10,429,29.17
2024-09-05 01:43:05,30.2,3.78,10,429,29.14
2024-09-05 01:43:06,28.6,3.77,10,429,29.12
2024-09-05 01:43:08,31.2,3.78,10,429,29.11
2024-09-05 01:43:09,29,3.78,10,429,29.03
2024-09-05 01:43:11,29,2.71,2,182,28.04
2024-09-05 01:43:12,25.4,2.90,0,182,25.44
2024-09-05 01:43:13,26.2,3.02,0,182,12.05
2024-09-05 01:43:15,27,3.17,0,307,12.90
2024-09-05 01:43:16,27.9,2.74,0,182,30.59
2024-09-05 01:43:17,28.6,2.96,0,182,20.35
2024-09-05 01:43:19,27.9,3.05,0,182,14.83
2024-09-05 01:43:20,27.9,3.29,2,333,22.63
2024-09-05 01:43:22,27.4,3.87,26,617,46.13
2024-09-05 01:43:23,29.7,3.87,26,617,42.17
2024-09-05 01:43:24,29.7,3.89,26,617,40.40
2024-09-05 01:43:26,27.9,3.89,25,617,40.48
2024-09-05 01:43:27,31.7,3.87,26,617,41.36
2024-09-05 01:43:28,30.6,3.88,25,617,41.51
2024-09-05 01:43:30,30,3.88,26,617,41.46
2024-09-05 01:43:31,27.4,3.88,26,617,41.68
2024-09-05 01:43:33,29,3.89,21,617,41.24
2024-09-05 01:43:34,26.2,3.89,24,617,41.58
2024-09-05 01:43:35,28.6,3.89,25,617,41.46
2024-09-05 01:43:37,29.5,3.90,27,617,40.91
2024-09-05 01:43:38,27.9,3.88,27,617,41.26
2024-09-05 01:43:39,27.9,3.88,26,617,42.03
2024-09-05 01:43:41,28.6,3.89,26,617,41.51
2024-09-05 01:43:42,29,3.89,26,617,41.33
2024-09-05 01:43:44,29.5,3.89,24,617,42.25
2024-09-05 01:43:45,30.6,3.89,26,617,41.47
2024-09-05 01:43:46,29,3.89,25,617,40.93
2024-09-05 01:43:48,30.2,3.89,25,617,41.72
2024-09-05 01:43:49,30.6,3.90,26,617,41.33
2024-09-05 01:43:50,29,3.90,25,617,40.97
2024-09-05 01:43:52,29,3.90,25,617,41.52
2024-09-05 01:43:53,30.6,3.90,25,617,40.78
2024-09-05 01:43:55,27.9,3.90,27,617,41.94
2024-09-05 01:43:56,29,3.90,23,617,41.51
2024-09-05 01:43:57,30.8,3.90,25,617,41.04
2024-09-05 01:43:59,29,3.89,24,617,40.88
2024-09-05 01:44:00,30.6,3.89,27,617,41.01
2024-09-05 01:44:01,27.4,3.89,25,617,40.99
2024-09-05 01:44:03,30.2,3.89,26,617,40.83
2024-09-05 01:44:04,26.2,3.89,25,617,40.91
2024-09-05 01:44:06,29.7,3.89,26,617,41.37
2024-09-05 01:44:07,31.2,3.89,27,617,42.17
2024-09-05 01:44:08,28.6,3.89,21,617,41.51
2024-09-05 01:44:10,30.2,3.89,26,617,42.15
2024-09-05 01:44:11,31.2,3.88,20,617,41.70
2024-09-05 01:44:13,30.2,3.87,26,617,41.15
2024-09-05 01:44:14,26.7,3.88,26,617,42.49
2024-09-05 01:44:15,27.9,3.87,26,617,42.85
2024-09-05 01:44:17,30.2,3.87,26,617,42.78
2024-09-05 01:44:18,27.9,3.87,26,617,42.06
2024-09-05 01:44:19,29,3.88,25,617,42.02
2024-09-05 01:44:21,31.1,2.71,9,252,29.67
2024-09-05 01:44:22,29.5,2.71,9,252,29.38
2024-09-05 01:44:24,29.5,2.71,9,252,29.30
2024-09-05 01:44:25,32.3,2.71,9,252,29.32
2024-09-05 01:44:26,31.7,2.71,9,252,29.31
2024-09-05 01:44:28,33.3,2.72,8,252,29.27
2024-09-05 01:44:29,30,2.72,9,252,29.25
2024-09-05 01:44:30,32.3,2.72,9,252,29.33
2024-09-05 01:44:32,31.1,2.70,10,252,29.30
2024-09-05 01:44:33,31.7,2.71,9,252,29.20
2024-09-05 01:44:34,30.6,2.71,9,252,29.16
2024-09-05 01:44:36,29.5,2.71,9,252,29.27
2024-09-05 01:44:37,29.5,2.70,9,252,29.21
2024-09-05 01:44:39,37.5,2.70,9,252,29.30
2024-09-05 01:44:40,31.7,2.71,9,252,29.32
2024-09-05 01:44:41,31.7,2.71,9,252,29.19
2024-09-05 01:44:43,30,2.72,9,252,29.15
2024-09-05 01:44:44,32.3,2.72,9,252,29.29
2024-09-05 01:44:46,30.6,2.73,9,252,29.12
2024-09-05 01:44:47,32.3,2.72,9,252,29.15
2024-09-05 01:44:48,31.7,2.72,9,252,29.31
2024-09-05 01:44:50,32.8,2.72,9,252,29.26
2024-09-05 01:44:51,31.7,2.72,9,252,29.27
2024-09-05 01:44:52,32.8,2.72,9,252,29.33
2024-09-05 01:44:54,30.6,2.73,9,252,29.28
2024-09-05 01:44:55,32.3,2.71,9,252,29.29
2024-09-05 01:44:57,30.6,2.71,9,252,29.29
2024-09-05 01:44:58,31.1,2.72,9,252,29.11
2024-09-05 01:44:59,53.2,2.72,9,252,29.24
2024-09-05 01:45:01,29.5,2.74,9,252,29.14
2024-09-05 01:45:02,31.1,2.74,9,252,29.01
2024-09-05 01:45:03,30.6,2.73,9,252,29.06
2024-09-05 01:45:05,33.3,2.72,9,252,29.05
2024-09-05 01:45:06,31.1,2.72,9,252,29.15
2024-09-05 01:45:08,29.5,2.74,9,252,28.98
2024-09-05 01:45:09,32.3,2.75,9,252,28.96
2024-09-05 01:45:10,33.9,2.75,9,252,29.10
2024-09-05 01:45:12,31.1,2.75,9,252,29.02
2024-09-05 01:45:13,31.1,2.75,9,252,29.13
2024-09-05 01:45:14,29.5,2.73,9,252,29.05
2024-09-05 01:45:16,29.5,2.73,9,252,29.05
2024-09-05 01:45:17,32.3,2.73,9,252,29.00
2024-09-05 01:45:18,32.3,2.73,9,252,29.15
2024-09-05 01:45:20,28.3,2.73,9,252,29.03
2024-09-05 01:45:21,30,2.73,9,252,29.10
2024-09-05 01:45:23,32.3,2.74,9,252,29.17
2024-09-05 01:45:24,29.5,2.73,9,252,28.98
2024-09-05 01:45:25,30.6,2.73,9,252,29.14
2024-09-05 01:45:27,30,2.74,9,252,29.08
2024-09-05 01:45:28,30.6,2.73,9,252,29.20
2024-09-05 01:45:29,31.7,2.73,9,252,29.20
2024-09-05 01:45:31,32.3,2.73,9,252,29.08
2024-09-05 01:45:32,32.8,2.72,9,252,29.09
2024-09-05 01:45:34,32.8,2.73,10,252,29.15
2024-09-05 01:45:35,34.4,2.73,6,182,27.90
2024-09-05 01:45:36,6.2,2.73,0,182,25.72
2024-09-05 01:45:38,3.2,2.74,0,182,25.42
2024-09-05 01:45:39,13.8,2.74,0,182,25.47
2024-09-05 01:45:40,4.8,2.76,0,182,25.49
2024-09-05 01:45:42,27,2.76,0,182,25.50
2024-09-05 01:45:43,4.8,2.73,0,182,25.54
2024-09-05 01:45:45,3.2,2.73,0,182,25.52
2024-09-05 01:45:46,3.2,2.75,0,182,25.50
2024-09-05 01:45:47,8.3,2.75,0,182,25.58
2024-09-05 01:45:49,3.2,2.75,0,182,25.53
2024-09-05 01:45:50,4.8,2.75,0,182,25.49
2024-09-05 01:45:51,4.8,2.76,0,182,25.52
2024-09-05 01:45:53,4.8,2.76,0,182,16.73
2024-09-05 01:45:54,7.7,2.76,0,182,10.53
2024-09-05 01:45:56,3.2,2.76,0,182,9.14
2024-09-05 01:45:57,3.3,2.76,0,182,9.07
2024-09-05 01:45:58,4.7,2.76,0,182,9.05
2024-09-05 01:46:00,3.2,2.76,0,182,9.02
2024-09-05 01:46:01,50,2.36,0,182,9.06
2024-09-05 01:46:02,48.4,2.37,0,182,8.95
2024-09-05 01:46:04,47.5,2.38,0,182,8.93
2024-09-05 01:46:05,47.5,2.38,0,182,8.93
2024-09-05 01:46:07,100,0.81,0,2,10.71
2024-09-05 01:46:08,1.6,0.82,0,2,8.95
2024-09-05 01:46:09,100,0.82,0,2,8.93
2024-09-05 01:46:11,1.6,0.82,0,2,8.92
2024-09-05 01:46:12,3.2,0.82,0,2,8.95
