Time,CPU Usage (%),Used Memory (GB),GPU Usage (%),GPU Used Memory (GB),GPU Power (W)
2024-09-04 21:17:15,1.6,0.67,0,2,8.69
2024-09-04 21:17:16,1.6,0.68,0,2,8.69
2024-09-04 21:17:17,3.2,0.68,0,2,8.70
2024-09-04 21:17:19,100,0.68,0,2,8.65
2024-09-04 21:17:20,1.6,0.68,0,2,8.73
2024-09-04 21:17:21,3.2,0.68,0,2,8.74
2024-09-04 21:17:23,1.6,0.68,0,2,8.78
2024-09-04 21:17:24,100,0.68,0,2,8.80
2024-09-04 21:17:26,1.6,0.68,0,2,8.85
2024-09-04 21:17:27,100,0.69,0,2,8.83
2024-09-04 21:17:28,1.6,0.69,0,2,8.73
2024-09-04 21:17:30,100,0.69,0,2,8.72
2024-09-04 21:17:31,1.6,0.69,0,2,8.68
2024-09-04 21:17:32,1.6,0.69,0,2,8.68
2024-09-04 21:17:34,3.1,0.69,0,2,8.69
2024-09-04 21:17:35,3.1,0.69,0,2,8.69
2024-09-04 21:17:37,3.1,0.69,0,2,8.65
2024-09-04 21:17:38,1.6,0.69,0,2,8.70
2024-09-04 21:17:39,1.6,0.69,0,2,8.74
2024-09-04 21:17:41,1.6,0.69,0,2,8.68
2024-09-04 21:17:42,100,0.69,0,2,8.63
2024-09-04 21:17:43,1.6,0.69,0,2,8.62
2024-09-04 21:17:45,1.6,0.69,0,2,8.66
2024-09-04 21:17:46,100,0.69,0,2,8.73
2024-09-04 21:17:48,1.6,0.69,0,2,8.68
2024-09-04 21:17:49,1.6,0.69,0,2,8.84
2024-09-04 21:17:50,100,0.69,0,2,8.75
2024-09-04 21:17:52,100,0.69,0,2,8.68
2024-09-04 21:17:53,1.6,0.69,0,2,8.66
2024-09-04 21:17:54,1.6,0.69,0,2,8.65
2024-09-04 21:17:56,3.1,0.69,0,2,8.65
2024-09-04 21:17:57,1.6,0.69,0,2,8.67
2024-09-04 21:17:58,3.1,0.69,0,2,8.66
2024-09-04 21:18:00,1.6,0.69,0,2,8.63
2024-09-04 21:18:01,1.6,0.69,0,2,8.73
2024-09-04 21:18:03,27.4,0.75,0,2,8.71
2024-09-04 21:18:04,27.4,0.93,0,2,8.74
2024-09-04 21:18:05,28.1,0.98,0,2,8.70
2024-09-04 21:18:07,27,1.08,0,2,8.68
2024-09-04 21:18:08,25.4,1.21,0,2,8.70
2024-09-04 21:18:09,100,1.34,0,2,8.67
2024-09-04 21:18:11,24.6,1.63,0,2,8.65
2024-09-04 21:18:12,27,1.84,0,2,8.67
2024-09-04 21:18:14,27,1.95,0,2,8.85
2024-09-04 21:18:15,26.2,2.45,1,208,15.85
2024-09-04 21:18:16,28.6,2.53,6,208,30.92
2024-09-04 21:18:18,26.7,2.54,6,208,25.58
2024-09-04 21:18:19,27.4,2.55,6,208,25.52
2024-09-04 21:18:20,26.7,2.55,6,208,25.43
2024-09-04 21:18:22,29,1.63,0,2,24.87
2024-09-04 21:18:23,28.6,1.84,0,2,24.62
2024-09-04 21:18:25,26.2,1.94,0,2,21.37
2024-09-04 21:18:26,27.4,2.13,2,178,16.52
2024-09-04 21:18:27,28.6,2.42,5,208,30.88
2024-09-04 21:18:29,28.6,2.43,5,208,25.52
2024-09-04 21:18:30,29,2.43,5,208,25.47
2024-09-04 21:18:31,27.4,2.44,5,208,25.47
2024-09-04 21:18:33,29.5,2.43,5,208,25.46
2024-09-04 21:18:34,25.4,1.65,0,2,24.75
2024-09-04 21:18:36,27.4,1.85,0,2,22.89
2024-09-04 21:18:37,27,1.96,0,2,17.49
2024-09-04 21:18:38,27.9,2.41,2,188,19.79
2024-09-04 21:18:40,29.7,2.55,6,188,27.23
2024-09-04 21:18:41,26.2,2.56,5,188,26.00
2024-09-04 21:18:42,27.9,2.56,5,188,26.03
2024-09-04 21:18:44,26.7,2.56,5,188,26.13
2024-09-04 21:18:45,27.4,2.57,6,188,26.15
2024-09-04 21:18:46,30.6,2.58,6,188,26.27
2024-09-04 21:18:48,28.6,1.62,0,2,25.40
2024-09-04 21:18:49,28.6,1.83,0,2,24.45
2024-09-04 21:18:51,28.6,1.93,0,2,17.72
2024-09-04 21:18:52,29.7,2.15,2,148,12.03
2024-09-04 21:18:53,26.2,2.55,5,206,31.33
2024-09-04 21:18:55,28.6,2.56,5,206,26.06
2024-09-04 21:18:56,29,2.56,5,206,26.03
2024-09-04 21:18:57,27.9,2.56,5,166,26.07
2024-09-04 21:18:59,26.2,1.62,0,2,25.03
2024-09-04 21:19:00,26.2,1.84,0,2,19.88
2024-09-04 21:19:02,28.6,1.93,0,2,9.74
2024-09-04 21:19:03,28.6,2.12,0,148,10.55
2024-09-04 21:19:04,28.6,2.55,6,188,26.47
2024-09-04 21:19:06,27.4,2.55,6,188,26.50
2024-09-04 21:19:07,28.6,2.56,6,188,26.51
2024-09-04 21:19:08,29.7,2.56,6,188,26.67
2024-09-04 21:19:10,27.9,2.56,6,188,26.56
2024-09-04 21:19:11,27.4,2.56,6,188,26.69
2024-09-04 21:19:13,29,2.56,6,188,26.85
2024-09-04 21:19:14,3.2,1.62,0,2,25.95
2024-09-04 21:19:15,22.6,1.67,0,2,25.20
2024-09-04 21:19:17,31.2,1.85,0,2,16.10
2024-09-04 21:19:18,27.4,1.96,0,2,10.09
2024-09-04 21:19:19,29.7,2.30,1,208,14.43
2024-09-04 21:19:21,27.9,2.42,5,208,31.06
2024-09-04 21:19:22,27.4,2.43,5,208,25.77
2024-09-04 21:19:23,25,2.43,5,208,25.75
2024-09-04 21:19:25,29,2.43,5,208,25.77
2024-09-04 21:19:26,29,2.44,5,208,25.77
2024-09-04 21:19:28,27.4,2.45,5,208,25.77
2024-09-04 21:19:29,27.4,2.45,5,208,25.77
2024-09-04 21:19:30,27.4,1.68,0,2,25.07
2024-09-04 21:19:32,26.2,1.86,0,2,25.02
2024-09-04 21:19:33,23.3,1.97,0,2,18.38
2024-09-04 21:19:34,26.2,2.51,2,188,19.58
2024-09-04 21:19:36,29.7,2.54,5,188,31.44
2024-09-04 21:19:37,27.4,2.55,5,188,26.21
2024-09-04 21:19:39,26.2,2.56,5,188,26.28
2024-09-04 21:19:40,31.2,2.56,5,188,26.14
2024-09-04 21:19:41,28.6,2.57,5,188,26.25
2024-09-04 21:19:43,28.6,2.57,5,188,26.31
2024-09-04 21:19:44,30.2,2.57,5,188,26.19
2024-09-04 21:19:45,16.7,1.63,0,2,25.61
2024-09-04 21:19:47,28.6,1.78,0,2,16.68
2024-09-04 21:19:48,51.6,2.01,0,2,12.94
2024-09-04 21:19:50,24.6,2.10,0,2,9.47
2024-09-04 21:19:51,26.2,2.64,8,248,31.86
2024-09-04 21:19:52,26.7,2.64,8,248,31.20
2024-09-04 21:19:54,27.4,2.65,8,248,28.08
2024-09-04 21:19:55,29,2.65,8,248,28.08
2024-09-04 21:19:56,29,2.66,8,248,28.11
2024-09-04 21:19:58,28.6,2.66,8,248,28.14
2024-09-04 21:19:59,28.6,2.67,8,248,28.01
2024-09-04 21:20:00,27.9,2.67,8,248,28.07
2024-09-04 21:20:02,28.6,2.67,8,248,28.15
2024-09-04 21:20:03,30.2,2.67,8,248,28.09
2024-09-04 21:20:05,27.4,2.68,8,248,28.06
2024-09-04 21:20:06,28.6,2.67,8,248,28.02
2024-09-04 21:20:07,27.4,1.78,0,2,25.39
2024-09-04 21:20:09,27.4,1.98,0,2,24.40
2024-09-04 21:20:10,27.4,2.06,0,2,11.31
2024-09-04 21:20:11,26.2,2.60,2,188,18.09
2024-09-04 21:20:13,29,2.65,5,188,26.43
2024-09-04 21:20:14,27.4,2.65,5,188,26.38
2024-09-04 21:20:16,29,2.65,5,188,26.36
2024-09-04 21:20:17,27.4,2.67,6,188,26.38
2024-09-04 21:20:18,26.7,2.67,6,188,26.45
2024-09-04 21:20:20,29,2.67,6,188,26.44
2024-09-04 21:20:21,27.9,2.68,6,165,26.57
2024-09-04 21:20:22,28.6,1.79,0,2,25.28
2024-09-04 21:20:24,26.2,1.95,0,2,25.30
2024-09-04 21:20:25,25.4,2.07,0,2,10.59
2024-09-04 21:20:27,27.4,2.63,1,220,20.06
2024-09-04 21:20:28,27.9,2.64,6,220,31.70
2024-09-04 21:20:29,29,2.65,6,220,26.83
2024-09-04 21:20:31,30.2,2.65,6,220,26.85
2024-09-04 21:20:32,25.4,2.64,6,220,26.98
2024-09-04 21:20:33,28.6,2.64,6,220,26.94
2024-09-04 21:20:35,29,2.03,1,232,26.37
2024-09-04 21:20:36,40.6,2.21,4,232,26.82
2024-09-04 21:20:37,36.7,2.23,5,232,26.78
2024-09-04 21:20:39,39.7,2.23,5,232,26.73
2024-09-04 21:20:40,38.1,2.24,4,232,26.71
2024-09-04 21:20:42,36.1,2.24,5,232,26.70
2024-09-04 21:20:43,37.7,2.24,5,232,26.70
2024-09-04 21:20:44,33.3,2.25,0,166,26.16
2024-09-04 21:20:46,1.6,2.25,0,166,25.25
2024-09-04 21:20:47,4.7,2.26,0,166,25.18
2024-09-04 21:20:48,4.8,2.26,0,166,25.14
2024-09-04 21:20:50,1.6,2.26,0,166,25.15
2024-09-04 21:20:51,3.2,2.26,0,166,25.14
2024-09-04 21:20:53,1.6,2.27,0,166,25.11
2024-09-04 21:20:54,3.2,2.27,0,166,25.18
2024-09-04 21:20:55,3.2,2.27,0,166,25.24
2024-09-04 21:20:57,1.6,2.27,0,166,25.29
2024-09-04 21:20:58,4.7,2.27,0,166,25.27
2024-09-04 21:20:59,3.3,2.27,0,166,25.32
2024-09-04 21:21:01,3.2,2.27,0,166,25.30
2024-09-04 21:21:02,3.2,2.27,0,166,20.23
2024-09-04 21:21:04,1.6,2.27,0,166,12.36
2024-09-04 21:21:05,1.6,2.27,0,166,9.08
2024-09-04 21:21:06,100,2.27,0,166,9.04
2024-09-04 21:21:08,73.3,2.13,0,166,9.03
2024-09-04 21:21:09,52.4,1.89,0,166,9.00
2024-09-04 21:21:10,47.5,1.89,0,166,8.92
2024-09-04 21:21:12,48.4,1.89,0,166,8.96
2024-09-04 21:21:13,19,0.74,0,2,9.16
2024-09-04 21:21:15,1.6,0.76,0,2,9.18
2024-09-04 21:21:16,3.3,0.76,0,2,9.12
2024-09-04 21:21:17,3.1,0.76,0,2,9.17
2024-09-04 21:21:19,1.6,0.77,0,2,9.16
2024-09-04 21:21:20,100,0.77,0,2,9.13
