Time,CPU Usage (%),Used Memory (GB),GPU Usage (%),GPU Used Memory (GB),GPU Power (W)
2024-09-05 01:50:12,1.6,0.55,0,2,8.59
2024-09-05 01:50:13,1.6,0.57,0,2,8.58
2024-09-05 01:50:15,1.6,0.58,0,2,8.56
2024-09-05 01:50:16,3.1,0.58,0,2,8.63
2024-09-05 01:50:17,3.2,0.58,0,2,8.66
2024-09-05 01:50:19,1.6,0.58,0,2,8.68
2024-09-05 01:50:20,8.2,0.59,0,2,8.69
2024-09-05 01:50:22,26.7,0.67,0,2,8.64
2024-09-05 01:50:23,25.8,0.81,0,2,8.71
2024-09-05 01:50:24,25.8,0.90,0,2,8.74
2024-09-05 01:50:26,31.7,1.01,0,2,8.69
2024-09-05 01:50:27,96.7,1.16,0,2,8.75
2024-09-05 01:50:28,27.9,1.52,0,2,8.63
2024-09-05 01:50:30,27.4,1.75,0,2,8.61
2024-09-05 01:50:31,25,1.85,0,2,8.61
2024-09-05 01:50:33,27.4,2.17,1,152,15.79
2024-09-05 01:50:34,28.1,2.67,64,690,73.63
2024-09-05 01:50:35,27.4,2.68,70,690,80.88
2024-09-05 01:50:37,27.4,2.69,69,690,82.62
2024-09-05 01:50:38,27.4,2.69,69,690,80.03
2024-09-05 01:50:39,27.4,2.69,67,690,83.17
2024-09-05 01:50:41,27,2.69,70,690,80.21
2024-09-05 01:50:42,27.9,2.70,65,690,78.86
2024-09-05 01:50:44,30.6,2.71,69,690,85.59
2024-09-05 01:50:45,24.6,2.71,70,690,81.57
2024-09-05 01:50:46,27.4,2.71,70,690,81.47
2024-09-05 01:50:48,29,2.71,62,690,82.45
2024-09-05 01:50:49,28.6,2.71,68,690,80.27
2024-09-05 01:50:50,30.2,2.71,72,690,76.47
2024-09-05 01:50:52,28.6,2.70,70,690,79.05
2024-09-05 01:50:53,28.1,2.71,69,690,74.71
2024-09-05 01:50:55,29.7,2.71,69,690,78.67
2024-09-05 01:50:56,49.2,2.72,0,176,30.18
2024-09-05 01:50:57,26.2,1.78,0,2,27.58
2024-09-05 01:50:59,31.2,1.88,0,2,20.66
2024-09-05 01:51:00,27.4,2.37,2,472,22.81
2024-09-05 01:51:01,29.7,2.66,44,552,71.67
2024-09-05 01:51:03,26.2,2.67,45,552,73.67
2024-09-05 01:51:04,28.6,2.68,47,552,73.13
2024-09-05 01:51:06,26.2,2.68,43,552,67.15
2024-09-05 01:51:07,27.4,2.70,48,554,65.85
2024-09-05 01:51:08,27.4,2.70,49,554,65.63
2024-09-05 01:51:10,29,2.70,49,554,67.97
2024-09-05 01:51:11,29.7,2.68,42,554,67.48
2024-09-05 01:51:12,26.7,2.69,46,554,66.15
2024-09-05 01:51:14,29,2.70,49,554,67.04
2024-09-05 01:51:15,27,2.70,47,554,64.71
2024-09-05 01:51:17,28.6,2.70,46,554,66.40
2024-09-05 01:51:18,28.3,2.70,41,186,67.78
2024-09-05 01:51:19,27.4,1.55,0,2,30.98
2024-09-05 01:51:21,29,1.75,0,2,27.80
2024-09-05 01:51:22,26.2,1.85,0,2,17.15
2024-09-05 01:51:24,27.9,2.03,1,134,18.35
2024-09-05 01:51:25,28.6,2.67,24,388,45.04
2024-09-05 01:51:26,27.4,2.68,27,388,43.31
2024-09-05 01:51:28,30.2,2.69,28,388,42.51
2024-09-05 01:51:29,26.7,2.71,26,388,42.79
2024-09-05 01:51:30,27.4,2.71,25,388,42.35
2024-09-05 01:51:32,29,2.71,26,388,41.53
2024-09-05 01:51:33,27.4,2.71,28,388,42.47
2024-09-05 01:51:35,25.4,2.71,28,388,43.38
2024-09-05 01:51:36,27.4,2.71,28,388,42.62
2024-09-05 01:51:37,27.4,2.69,28,388,42.46
2024-09-05 01:51:39,29,2.69,28,388,42.99
2024-09-05 01:51:40,27.4,2.69,26,388,42.82
2024-09-05 01:51:41,27.9,2.69,29,388,43.60
2024-09-05 01:51:43,52.5,2.70,28,390,42.60
2024-09-05 01:51:44,27.4,2.70,28,390,43.45
2024-09-05 01:51:46,54.1,2.76,24,390,42.82
2024-09-05 01:51:47,27.9,2.77,28,390,43.53
2024-09-05 01:51:48,27.4,2.78,28,390,43.87
2024-09-05 01:51:50,26.7,2.78,28,390,43.47
2024-09-05 01:51:51,28.6,2.79,28,390,43.67
2024-09-05 01:51:52,27,2.79,27,390,43.00
2024-09-05 01:51:54,29,2.80,28,390,43.59
2024-09-05 01:51:55,25.8,2.79,26,390,43.54
2024-09-05 01:51:57,27.9,2.79,28,390,43.34
2024-09-05 01:51:58,30.2,2.79,26,390,42.78
2024-09-05 01:51:59,28.6,2.79,25,390,43.27
2024-09-05 01:52:01,31.2,2.78,28,390,43.56
2024-09-05 01:52:02,29.7,2.78,29,390,43.21
2024-09-05 01:52:03,29,2.77,29,390,45.36
2024-09-05 01:52:05,27,2.78,29,390,43.59
2024-09-05 01:52:06,27.4,2.78,27,390,43.80
2024-09-05 01:52:08,29,2.78,28,390,44.26
2024-09-05 01:52:09,25,2.78,28,390,43.96
2024-09-05 01:52:10,27.4,2.79,28,390,43.59
2024-09-05 01:52:12,29.7,2.79,28,390,44.05
2024-09-05 01:52:13,28.6,2.79,25,390,42.60
2024-09-05 01:52:15,27.4,2.79,28,390,43.35
2024-09-05 01:52:16,27.9,2.78,28,390,43.52
2024-09-05 01:52:17,28.6,2.79,29,390,43.15
2024-09-05 01:52:19,27.9,2.79,26,390,43.24
2024-09-05 01:52:20,27.9,2.79,28,390,43.68
2024-09-05 01:52:21,27.9,2.78,28,390,44.32
2024-09-05 01:52:23,28.6,2.79,28,390,43.78
2024-09-05 01:52:24,30.2,2.79,28,390,43.26
2024-09-05 01:52:26,29.7,2.79,28,390,43.78
2024-09-05 01:52:27,28.6,2.79,28,390,44.15
2024-09-05 01:52:28,28.1,2.79,28,390,44.41
2024-09-05 01:52:30,29.7,2.79,28,390,44.23
2024-09-05 01:52:31,27.4,2.79,24,390,43.09
2024-09-05 01:52:32,27.9,2.79,28,390,44.20
2024-09-05 01:52:34,27.4,2.79,28,190,43.14
2024-09-05 01:52:35,26.2,1.69,0,2,26.60
2024-09-05 01:52:37,27.4,1.86,0,2,23.42
2024-09-05 01:52:38,30.3,1.97,0,2,15.01
2024-09-05 01:52:39,27.4,2.57,12,508,22.65
2024-09-05 01:52:41,29,2.68,42,508,60.04
2024-09-05 01:52:42,29,2.68,42,508,63.12
2024-09-05 01:52:43,27.4,2.68,41,508,62.27
2024-09-05 01:52:45,24.6,2.69,41,510,63.02
2024-09-05 01:52:46,30.6,2.70,41,510,62.91
2024-09-05 01:52:48,27.9,2.70,40,510,62.94
2024-09-05 01:52:49,26.2,2.70,39,510,63.65
2024-09-05 01:52:50,27.4,2.70,38,510,61.47
2024-09-05 01:52:52,29,2.71,40,510,63.24
2024-09-05 01:52:53,26.2,2.71,43,510,61.60
2024-09-05 01:52:54,26.2,2.71,40,510,62.98
2024-09-05 01:52:56,25.8,2.71,41,510,63.12
2024-09-05 01:52:57,26.2,2.71,42,510,62.39
2024-09-05 01:52:59,26.7,2.71,40,510,63.42
2024-09-05 01:53:00,26.2,2.71,40,510,61.96
2024-09-05 01:53:01,27.4,2.72,40,510,63.85
2024-09-05 01:53:03,29,2.72,39,510,63.30
2024-09-05 01:53:04,31.2,2.72,38,510,63.26
2024-09-05 01:53:05,27.9,2.72,42,510,63.18
2024-09-05 01:53:07,27.4,2.72,41,510,63.07
2024-09-05 01:53:08,27.9,2.72,38,510,63.35
2024-09-05 01:53:10,27.9,2.70,33,510,63.16
2024-09-05 01:53:11,28.6,2.70,41,510,59.22
2024-09-05 01:53:12,27.4,2.70,40,510,60.10
2024-09-05 01:53:14,28.6,2.72,41,510,60.27
2024-09-05 01:53:15,27.4,2.72,43,510,58.83
2024-09-05 01:53:16,27.4,2.72,41,510,59.79
2024-09-05 01:53:18,31.7,2.72,43,510,60.58
2024-09-05 01:53:19,28.6,2.72,41,510,61.05
2024-09-05 01:53:20,30.2,2.72,42,510,60.02
2024-09-05 01:53:22,26.7,2.72,42,510,60.12
2024-09-05 01:53:23,28.6,2.70,42,510,59.97
2024-09-05 01:53:25,27.9,2.71,43,510,60.22
2024-09-05 01:53:26,30.2,2.71,44,510,60.12
2024-09-05 01:53:27,27.4,2.71,43,510,61.19
2024-09-05 01:53:29,27.9,2.70,42,510,60.92
2024-09-05 01:53:30,27.4,1.61,0,2,48.09
2024-09-05 01:53:32,24.6,1.79,0,2,32.27
2024-09-05 01:53:33,26.2,1.91,0,2,22.76
2024-09-05 01:53:34,25.4,2.02,0,19,17.31
2024-09-05 01:53:36,27.4,2.67,13,260,29.68
2024-09-05 01:53:37,28.6,2.68,13,260,31.35
2024-09-05 01:53:38,27.4,2.68,12,260,31.16
2024-09-05 01:53:40,27.4,2.69,13,260,31.15
2024-09-05 01:53:41,27.4,2.68,13,260,31.20
2024-09-05 01:53:43,27.4,2.68,13,260,31.20
2024-09-05 01:53:44,29,2.70,13,260,31.20
2024-09-05 01:53:45,48.4,2.73,13,260,31.36
2024-09-05 01:53:47,27.4,2.69,11,260,31.25
2024-09-05 01:53:48,30.6,2.70,12,260,31.12
2024-09-05 01:53:49,54,2.75,13,260,31.13
2024-09-05 01:53:51,26.2,2.72,13,260,31.18
2024-09-05 01:53:52,28.6,2.72,12,260,30.97
2024-09-05 01:53:54,27.9,2.73,13,260,31.01
2024-09-05 01:53:55,25,2.73,13,260,31.16
2024-09-05 01:53:56,30.2,2.73,13,260,30.98
2024-09-05 01:53:58,26.2,2.73,12,260,30.90
2024-09-05 01:53:59,30.6,2.73,13,260,30.98
2024-09-05 01:54:00,27.4,2.73,14,260,31.00
2024-09-05 01:54:02,26.2,2.73,13,260,30.87
2024-09-05 01:54:03,28.6,2.73,14,260,30.75
2024-09-05 01:54:05,29,2.73,13,260,30.75
2024-09-05 01:54:06,29,2.73,12,260,30.63
2024-09-05 01:54:07,29.7,2.73,14,260,30.89
2024-09-05 01:54:09,28.6,2.73,12,260,30.87
2024-09-05 01:54:10,28.6,2.73,13,260,30.62
2024-09-05 01:54:11,28.6,2.73,13,260,30.78
2024-09-05 01:54:13,28.6,2.73,13,260,30.85
2024-09-05 01:54:14,28.6,2.73,13,260,30.89
2024-09-05 01:54:16,27.4,2.73,13,260,30.72
2024-09-05 01:54:17,27.4,2.73,13,260,30.85
2024-09-05 01:54:18,28.6,2.72,13,260,30.79
2024-09-05 01:54:20,28.6,2.72,12,260,30.71
2024-09-05 01:54:21,29,2.72,13,260,30.56
2024-09-05 01:54:22,27.4,2.72,14,260,30.74
2024-09-05 01:54:24,27,2.73,13,260,30.71
2024-09-05 01:54:25,27.4,2.73,13,260,30.82
2024-09-05 01:54:27,27.4,2.73,13,260,30.59
2024-09-05 01:54:28,27,2.73,13,260,30.60
2024-09-05 01:54:29,27.4,2.73,12,260,30.51
2024-09-05 01:54:31,27.4,2.73,13,260,30.46
2024-09-05 01:54:32,27.9,2.29,5,2,29.98
2024-09-05 01:54:33,28.6,1.74,0,2,25.83
2024-09-05 01:54:35,30.8,1.90,0,2,20.56
2024-09-05 01:54:36,28.6,2.01,0,2,10.69
2024-09-05 01:54:38,27.9,2.68,20,334,32.69
2024-09-05 01:54:39,25.8,2.69,23,334,38.45
2024-09-05 01:54:40,26.2,2.70,23,334,36.20
2024-09-05 01:54:42,27.4,2.70,22,334,35.66
2024-09-05 01:54:43,28.6,2.70,19,334,35.65
2024-09-05 01:54:44,28.6,2.70,22,334,36.17
2024-09-05 01:54:46,29.7,2.70,20,334,36.04
2024-09-05 01:54:47,28.6,2.70,21,334,35.95
2024-09-05 01:54:49,28.6,2.70,18,334,34.97
2024-09-05 01:54:50,28.6,2.70,23,334,35.67
2024-09-05 01:54:51,29,2.70,20,334,35.54
2024-09-05 01:54:53,29,2.70,22,334,35.73
2024-09-05 01:54:54,29,2.70,22,334,35.60
2024-09-05 01:54:55,27.4,2.71,22,334,35.90
2024-09-05 01:54:57,26.7,2.72,21,334,35.20
2024-09-05 01:54:58,28.3,2.72,22,334,35.43
2024-09-05 01:55:00,29,2.72,21,334,35.68
2024-09-05 01:55:01,27.4,2.72,22,334,35.91
2024-09-05 01:55:02,26.2,2.72,23,334,35.52
2024-09-05 01:55:04,26.2,2.72,22,334,35.32
2024-09-05 01:55:05,27.4,2.72,21,334,35.56
2024-09-05 01:55:06,29,2.72,22,334,35.79
2024-09-05 01:55:08,28.6,2.72,23,334,35.56
2024-09-05 01:55:09,25,2.72,22,334,35.68
2024-09-05 01:55:11,30.8,2.72,21,334,36.17
2024-09-05 01:55:12,26.2,2.72,19,334,35.08
2024-09-05 01:55:13,27.4,2.72,21,334,35.50
2024-09-05 01:55:15,27.4,2.72,20,334,35.59
2024-09-05 01:55:16,29,2.72,22,334,35.04
2024-09-05 01:55:18,28.6,2.72,21,334,35.63
2024-09-05 01:55:19,27.4,2.72,22,334,35.69
2024-09-05 01:55:20,30.6,2.72,22,334,35.46
2024-09-05 01:55:22,29.7,2.72,21,334,35.47
2024-09-05 01:55:23,30.2,2.72,21,334,35.58
2024-09-05 01:55:24,27.9,2.72,23,334,35.93
2024-09-05 01:55:26,28.6,2.70,20,334,35.73
2024-09-05 01:55:27,27.4,2.70,21,334,35.57
2024-09-05 01:55:29,27.9,2.70,22,334,35.80
2024-09-05 01:55:30,27.4,2.70,20,334,35.69
2024-09-05 01:55:31,26.2,2.71,22,334,35.86
2024-09-05 01:55:33,27.9,2.71,23,334,35.87
2024-09-05 01:55:34,27.4,2.71,21,334,34.91
2024-09-05 01:55:35,27.4,2.71,20,334,35.12
2024-09-05 01:55:37,27.4,2.71,22,334,35.56
2024-09-05 01:55:38,27.4,2.71,20,334,35.50
2024-09-05 01:55:40,30.2,2.70,21,334,35.56
2024-09-05 01:55:41,25,2.71,22,334,35.42
2024-09-05 01:55:42,28.6,2.71,20,334,35.16
2024-09-05 01:55:44,26.2,2.71,22,334,35.49
2024-09-05 01:55:45,27.4,2.71,20,334,34.91
2024-09-05 01:55:47,29,2.71,22,334,35.79
2024-09-05 01:55:48,26.2,2.70,23,334,35.85
2024-09-05 01:55:49,30.8,2.71,22,334,36.13
2024-09-05 01:55:51,31.1,2.72,22,334,36.11
2024-09-05 01:55:52,47.6,2.72,21,334,35.93
2024-09-05 01:55:53,32.3,2.76,22,334,35.95
2024-09-05 01:55:55,30.6,2.76,23,334,36.16
2024-09-05 01:55:56,27,2.76,22,334,35.96
2024-09-05 01:55:58,27.9,2.77,22,334,36.05
2024-09-05 01:55:59,28.6,2.77,20,334,35.56
2024-09-05 01:56:00,26.2,2.77,23,334,35.72
2024-09-05 01:56:02,27.4,2.77,21,334,36.28
2024-09-05 01:56:03,25.8,2.77,23,334,36.28
2024-09-05 01:56:04,27.4,1.71,0,2,26.69
2024-09-05 01:56:06,26.2,1.89,0,2,16.75
2024-09-05 01:56:07,25.8,2.00,0,2,14.44
2024-09-05 01:56:09,29.7,2.12,0,130,10.37
2024-09-05 01:56:10,27.9,2.81,19,322,38.01
2024-09-05 01:56:11,29,2.81,20,322,36.49
2024-09-05 01:56:13,31.2,2.81,20,322,34.86
2024-09-05 01:56:14,27.4,2.81,21,322,35.31
2024-09-05 01:56:15,27.4,2.82,20,322,34.80
2024-09-05 01:56:17,27.9,2.83,20,322,35.00
2024-09-05 01:56:18,25.8,2.83,19,322,34.75
2024-09-05 01:56:20,28.6,2.85,17,322,34.65
2024-09-05 01:56:21,27.4,2.85,19,322,34.77
2024-09-05 01:56:22,29,2.85,20,322,35.06
2024-09-05 01:56:24,29,2.83,20,324,35.14
2024-09-05 01:56:25,27.4,2.83,20,324,34.89
2024-09-05 01:56:26,29,2.84,19,324,35.16
2024-09-05 01:56:28,28.6,2.84,18,324,34.25
2024-09-05 01:56:29,26.2,2.84,18,324,35.01
2024-09-05 01:56:31,31.2,2.84,16,324,34.79
2024-09-05 01:56:32,26.2,2.85,19,324,34.93
2024-09-05 01:56:33,28.6,2.85,21,324,35.26
2024-09-05 01:56:35,29.5,2.85,19,324,34.83
2024-09-05 01:56:36,27.4,2.85,19,324,35.38
2024-09-05 01:56:37,27.4,2.85,19,324,35.00
2024-09-05 01:56:39,30.2,2.85,19,324,34.97
2024-09-05 01:56:40,27,2.84,18,324,34.58
2024-09-05 01:56:42,30.2,2.82,18,324,34.97
2024-09-05 01:56:43,28.6,2.83,19,324,35.03
2024-09-05 01:56:44,27.4,2.83,19,324,34.83
2024-09-05 01:56:46,30.2,2.84,17,324,34.65
2024-09-05 01:56:47,27.4,2.84,18,324,34.42
2024-09-05 01:56:48,28.6,2.83,18,324,34.74
2024-09-05 01:56:50,30,2.83,20,324,34.73
2024-09-05 01:56:51,28.1,2.83,20,324,34.86
2024-09-05 01:56:53,26.2,2.83,20,324,35.17
2024-09-05 01:56:54,29.5,2.83,20,324,35.48
2024-09-05 01:56:55,27.4,2.83,19,324,34.92
2024-09-05 01:56:57,25,1.70,0,2,27.71
2024-09-05 01:56:58,29,1.91,0,2,21.10
2024-09-05 01:57:00,27,2.01,0,2,11.88
2024-09-05 01:57:01,27.9,2.39,2,194,15.26
2024-09-05 01:57:02,25,2.84,86,1098,92.80
2024-09-05 01:57:04,27.4,2.84,84,1098,101.32
2024-09-05 01:57:05,30.2,2.85,86,1098,101.83
2024-09-05 01:57:06,26.2,2.85,88,1098,101.79
2024-09-05 01:57:08,28.6,2.85,89,1098,102.18
2024-09-05 01:57:09,27.4,2.85,85,1098,101.79
2024-09-05 01:57:11,27.4,2.86,87,1098,101.95
2024-09-05 01:57:12,27.4,2.86,85,1098,102.18
2024-09-05 01:57:13,29,2.87,89,1098,102.23
2024-09-05 01:57:15,27.4,2.87,85,1098,102.48
2024-09-05 01:57:16,27.4,2.87,84,1098,103.24
2024-09-05 01:57:17,28.6,2.87,87,1098,102.85
2024-09-05 01:57:19,30.2,2.87,86,1098,102.93
2024-09-05 01:57:20,27,2.87,85,1098,103.34
2024-09-05 01:57:22,28.6,2.87,84,1098,103.39
2024-09-05 01:57:23,30.2,2.87,88,1098,102.90
2024-09-05 01:57:24,29,2.87,89,1098,103.49
2024-09-05 01:57:26,27.9,2.87,87,1098,102.33
2024-09-05 01:57:27,26.2,2.87,89,1098,103.36
2024-09-05 01:57:28,29,2.87,85,1098,103.75
2024-09-05 01:57:30,27,2.87,85,1098,104.21
2024-09-05 01:57:31,27.4,2.87,85,1098,104.28
2024-09-05 01:57:33,28.6,2.87,85,1098,104.25
2024-09-05 01:57:34,27.4,2.87,86,1098,102.68
2024-09-05 01:57:35,26.2,2.86,83,1098,104.81
2024-09-05 01:57:37,28.3,2.86,88,1098,104.33
2024-09-05 01:57:38,28.6,2.87,85,1098,104.33
2024-09-05 01:57:39,29.7,2.87,83,1098,104.26
2024-09-05 01:57:41,28.6,2.87,87,1098,104.15
2024-09-05 01:57:42,27.9,2.85,78,1098,103.22
2024-09-05 01:57:44,29,2.85,85,1098,104.22
2024-09-05 01:57:45,28.6,2.85,85,1098,104.63
2024-09-05 01:57:46,28.6,2.86,89,1098,104.85
2024-09-05 01:57:48,27.4,2.84,85,1098,104.84
2024-09-05 01:57:49,39.3,2.84,85,1098,105.26
2024-09-05 01:57:50,28.6,2.83,76,1098,103.46
2024-09-05 01:57:52,29.7,2.85,85,1098,105.46
2024-09-05 01:57:53,26.7,2.86,84,1098,106.01
2024-09-05 01:57:55,31.7,2.86,83,1098,105.29
2024-09-05 01:57:56,29,2.86,86,1098,105.99
2024-09-05 01:57:57,53.8,2.88,86,1098,105.29
2024-09-05 01:57:59,29,2.87,83,1098,104.60
2024-09-05 01:58:00,27.9,2.87,86,1098,106.13
2024-09-05 01:58:02,28.6,2.87,85,1098,106.01
2024-09-05 01:58:03,30.2,2.86,84,1098,106.24
2024-09-05 01:58:04,28.6,2.86,88,1098,106.27
2024-09-05 01:58:06,27.4,2.87,88,1098,106.50
2024-09-05 01:58:07,27.4,2.87,88,1098,104.88
2024-09-05 01:58:08,27.9,2.87,88,1098,106.39
2024-09-05 01:58:10,28.6,2.87,87,1098,106.79
2024-09-05 01:58:11,25,2.87,88,1098,106.38
2024-09-05 01:58:12,29,2.87,89,1098,106.90
2024-09-05 01:58:14,28.6,2.86,88,1098,106.70
2024-09-05 01:58:15,27.4,2.86,89,1098,105.78
2024-09-05 01:58:17,30.6,2.84,85,1098,107.16
2024-09-05 01:58:18,26.2,2.85,85,1098,106.84
2024-09-05 01:58:19,27.4,2.85,84,1098,107.35
2024-09-05 01:58:21,31.2,2.85,88,1098,107.23
2024-09-05 01:58:22,27,2.86,88,1098,107.01
2024-09-05 01:58:24,27.4,2.86,85,1098,105.66
2024-09-05 01:58:25,26.2,2.87,83,1098,107.22
2024-09-05 01:58:26,27.4,2.87,88,1098,107.14
2024-09-05 01:58:28,27.4,2.87,88,1098,107.26
2024-09-05 01:58:29,27.4,2.87,89,1098,106.95
2024-09-05 01:58:30,33.3,2.87,88,1098,107.01
2024-09-05 01:58:32,30.2,2.87,84,1098,104.93
2024-09-05 01:58:33,28.6,2.87,88,1098,107.27
2024-09-05 01:58:35,31.2,2.87,84,1098,107.18
2024-09-05 01:58:36,26.2,2.87,84,1098,107.38
2024-09-05 01:58:37,26.2,2.87,85,1098,107.40
2024-09-05 01:58:39,29,2.87,87,1098,107.22
2024-09-05 01:58:40,26.2,2.87,86,1098,106.54
2024-09-05 01:58:41,28.6,2.87,88,1098,107.45
2024-09-05 01:58:43,29.7,2.87,83,1098,107.64
2024-09-05 01:58:44,28.6,2.86,87,1098,107.74
2024-09-05 01:58:46,28.6,2.87,88,1098,107.74
2024-09-05 01:58:47,30.6,2.87,88,1098,107.47
2024-09-05 01:58:48,29.2,2.87,88,1098,106.39
2024-09-05 01:58:50,27.4,2.87,89,1098,107.70
2024-09-05 01:58:51,26.2,2.87,88,1098,107.49
2024-09-05 01:58:52,27.4,2.87,88,1098,107.48
2024-09-05 01:58:54,28.6,2.87,89,1098,107.25
2024-09-05 01:58:55,25,2.87,87,1098,107.68
2024-09-05 01:58:57,30.6,2.87,89,1098,106.77
2024-09-05 01:58:58,25,2.87,86,1098,108.04
2024-09-05 01:58:59,27.4,2.87,85,1098,107.71
2024-09-05 01:59:01,37.5,2.87,89,1098,107.47
2024-09-05 01:59:02,27.4,2.87,85,1098,108.19
2024-09-05 01:59:04,30.2,2.87,85,1098,107.91
2024-09-05 01:59:05,26.2,2.86,85,1098,108.13
2024-09-05 01:59:06,26.2,2.86,84,1098,107.95
2024-09-05 01:59:08,29.7,2.86,88,1098,107.72
2024-09-05 01:59:09,28.6,2.86,85,1098,107.74
2024-09-05 01:59:10,26.2,2.86,84,1098,107.78
2024-09-05 01:59:12,27.4,2.86,88,1098,107.40
2024-09-05 01:59:13,27.4,2.85,84,1098,107.91
2024-09-05 01:59:14,28.6,2.86,85,1098,107.92
2024-09-05 01:59:16,27.4,2.87,85,1098,107.73
2024-09-05 01:59:17,31.2,2.87,84,1098,107.75
2024-09-05 01:59:19,33.9,2.87,88,1098,108.43
2024-09-05 01:59:20,27.4,2.87,85,1098,108.16
2024-09-05 01:59:21,27,2.87,85,1098,107.81
2024-09-05 01:59:23,29.7,2.87,83,1098,108.19
2024-09-05 01:59:24,27.4,2.87,87,1098,108.06
2024-09-05 01:59:26,26.2,2.87,88,1098,107.94
2024-09-05 01:59:27,27.9,2.87,89,1098,108.04
2024-09-05 01:59:28,28.6,2.87,88,1098,107.75
2024-09-05 01:59:30,29,2.87,84,1098,107.83
2024-09-05 01:59:31,28.6,2.87,88,1098,107.86
2024-09-05 01:59:32,30.2,2.87,88,1098,107.99
2024-09-05 01:59:34,26.2,2.87,89,1098,107.58
2024-09-05 01:59:35,27.9,2.87,86,1098,107.87
2024-09-05 01:59:37,29,2.87,79,1098,106.53
2024-09-05 01:59:38,27.4,2.87,85,1098,107.79
2024-09-05 01:59:39,26.2,2.86,85,1098,107.86
2024-09-05 01:59:41,29,2.86,86,1098,108.08
2024-09-05 01:59:42,28.6,2.86,85,1098,107.82
2024-09-05 01:59:43,25,2.86,83,1098,108.15
2024-09-05 01:59:45,24.6,2.87,76,2,89.95
2024-09-05 01:59:46,25.8,1.75,0,2,34.99
2024-09-05 01:59:48,30.2,1.93,0,2,32.33
2024-09-05 01:59:49,25,2.04,0,2,18.43
2024-09-05 01:59:50,27.9,2.70,2,702,23.13
2024-09-05 01:59:52,56.7,2.86,63,702,88.37
2024-09-05 01:59:53,28.6,2.84,66,702,89.52
2024-09-05 01:59:54,29,2.85,66,702,88.08
2024-09-05 01:59:56,26.2,2.85,63,704,88.08
2024-09-05 01:59:57,28.6,2.86,64,704,86.86
2024-09-05 01:59:59,30.6,2.86,63,704,88.24
2024-09-05 02:00:00,29.7,2.86,64,704,87.83
2024-09-05 02:00:01,52.4,2.89,62,704,86.40
2024-09-05 02:00:03,30.2,2.89,61,704,86.55
2024-09-05 02:00:04,27.4,2.89,68,704,88.30
2024-09-05 02:00:05,27.9,2.89,58,704,82.59
2024-09-05 02:00:07,27.4,2.89,67,704,88.16
2024-09-05 02:00:08,28.6,2.89,63,704,84.10
2024-09-05 02:00:10,26.2,2.89,66,704,88.51
2024-09-05 02:00:11,28.6,2.89,57,704,88.31
2024-09-05 02:00:12,28.6,2.89,68,704,88.21
2024-09-05 02:00:14,26.2,1.71,0,2,39.42
2024-09-05 02:00:15,27,1.91,0,2,32.17
2024-09-05 02:00:16,26.2,2.01,0,2,24.88
2024-09-05 02:00:18,26.2,2.37,1,182,22.52
2024-09-05 02:00:19,27.4,2.82,16,280,34.11
2024-09-05 02:00:21,31.7,2.82,16,280,34.24
2024-09-05 02:00:22,27.4,2.82,16,280,34.00
2024-09-05 02:00:23,28.6,2.83,15,284,33.92
2024-09-05 02:00:25,27.9,2.83,16,284,34.17
2024-09-05 02:00:26,26.2,2.83,16,284,34.04
2024-09-05 02:00:27,27.4,2.83,16,284,33.99
2024-09-05 02:00:29,26.2,2.85,16,284,33.80
2024-09-05 02:00:30,27.4,2.85,16,284,34.03
2024-09-05 02:00:32,26.2,2.85,16,284,33.85
2024-09-05 02:00:33,30.2,2.85,15,284,34.00
2024-09-05 02:00:34,27.9,2.85,16,284,34.15
2024-09-05 02:00:36,29,2.85,16,284,33.82
2024-09-05 02:00:37,28.6,2.85,16,284,33.70
2024-09-05 02:00:38,27.9,2.85,15,284,33.33
2024-09-05 02:00:40,26.2,2.85,16,284,33.62
2024-09-05 02:00:41,29,2.85,15,284,33.58
2024-09-05 02:00:43,29,2.85,16,284,33.62
2024-09-05 02:00:44,29.7,2.83,16,284,33.53
2024-09-05 02:00:45,27.9,2.83,16,284,33.73
2024-09-05 02:00:47,27.9,2.83,16,284,33.57
2024-09-05 02:00:48,28.6,2.84,16,284,33.42
2024-09-05 02:00:49,28.6,2.84,14,284,33.41
2024-09-05 02:00:51,27.9,2.84,16,284,33.49
2024-09-05 02:00:52,27.9,2.84,16,284,33.34
2024-09-05 02:00:54,29,2.84,15,284,33.37
2024-09-05 02:00:55,26.2,2.84,14,284,33.49
2024-09-05 02:00:56,25,2.84,16,284,33.29
2024-09-05 02:00:58,25,2.84,16,284,33.35
2024-09-05 02:00:59,27.4,2.84,16,284,33.44
2024-09-05 02:01:01,28.6,2.84,16,284,33.48
2024-09-05 02:01:02,27.4,2.83,16,284,33.56
2024-09-05 02:01:03,28.6,2.83,16,284,33.19
2024-09-05 02:01:05,27.4,2.83,16,284,33.02
2024-09-05 02:01:06,26.2,2.83,16,284,33.36
2024-09-05 02:01:07,29,2.83,15,284,33.37
2024-09-05 02:01:09,29.5,2.84,16,284,33.28
2024-09-05 02:01:10,26.2,2.84,16,284,33.04
2024-09-05 02:01:12,34.4,2.84,15,284,33.26
2024-09-05 02:01:13,29,2.84,16,284,33.12
2024-09-05 02:01:14,27.4,2.84,16,284,33.03
2024-09-05 02:01:16,29,2.84,14,284,33.19
2024-09-05 02:01:17,29.7,2.83,15,284,33.21
2024-09-05 02:01:18,28.6,2.83,16,284,33.08
2024-09-05 02:01:20,29.7,2.83,16,284,33.13
2024-09-05 02:01:21,27.4,2.83,16,284,33.41
2024-09-05 02:01:23,27.4,2.83,15,284,33.22
2024-09-05 02:01:24,30.2,2.83,16,284,33.04
2024-09-05 02:01:25,28.6,2.83,16,284,32.93
2024-09-05 02:01:27,29.7,2.81,15,284,32.89
2024-09-05 02:01:28,25,2.81,15,284,32.92
2024-09-05 02:01:29,29.7,2.82,16,284,32.95
2024-09-05 02:01:31,25,2.83,16,284,33.02
2024-09-05 02:01:32,29.5,2.83,16,284,32.78
2024-09-05 02:01:34,26.2,2.83,15,284,33.19
2024-09-05 02:01:35,27.4,2.83,16,284,33.16
2024-09-05 02:01:36,27.4,2.83,16,284,32.97
2024-09-05 02:01:38,28.6,2.84,16,284,32.81
2024-09-05 02:01:39,31.7,2.84,15,284,32.86
2024-09-05 02:01:40,27,2.84,15,284,32.84
2024-09-05 02:01:42,27.4,2.84,14,284,32.81
2024-09-05 02:01:43,26.7,2.84,16,284,33.04
2024-09-05 02:01:45,27.9,2.84,15,284,32.84
2024-09-05 02:01:46,27.4,2.83,16,284,32.93
2024-09-05 02:01:47,27.4,2.83,16,284,33.05
2024-09-05 02:01:49,28.6,2.83,14,284,32.92
2024-09-05 02:01:50,26.2,2.84,17,284,33.10
2024-09-05 02:01:51,28.6,2.84,16,284,32.78
2024-09-05 02:01:53,26.2,2.84,14,284,33.05
2024-09-05 02:01:54,31.1,2.85,15,284,32.92
2024-09-05 02:01:56,28.6,2.83,16,284,32.81
2024-09-05 02:01:57,29,2.83,16,284,33.15
2024-09-05 02:01:58,26.2,2.83,16,284,33.06
2024-09-05 02:02:00,27.4,2.83,15,284,32.87
2024-09-05 02:02:01,30.6,2.35,2,690,31.39
2024-09-05 02:02:02,30.2,2.41,66,690,84.31
2024-09-05 02:02:04,30.6,2.42,63,690,84.37
2024-09-05 02:02:05,53.1,2.43,57,690,81.42
2024-09-05 02:02:07,29,2.45,65,690,84.30
2024-09-05 02:02:08,30.2,2.46,65,690,84.74
2024-09-05 02:02:09,32.3,2.47,61,690,84.36
2024-09-05 02:02:11,31.7,2.45,66,690,85.27
2024-09-05 02:02:12,27.9,2.46,65,690,85.58
2024-09-05 02:02:14,34.4,2.45,62,690,84.64
2024-09-05 02:02:15,30.2,2.45,65,690,85.76
2024-09-05 02:02:16,29,2.45,66,690,85.76
2024-09-05 02:02:18,34.4,2.47,58,690,85.11
2024-09-05 02:02:19,29,2.47,65,690,86.23
2024-09-05 02:02:20,29,2.47,65,690,85.79
2024-09-05 02:02:22,85.5,2.47,21,182,78.92
2024-09-05 02:02:23,4.8,2.49,0,182,32.48
2024-09-05 02:02:25,3.2,2.49,0,182,30.04
2024-09-05 02:02:26,3.2,2.49,0,182,26.75
2024-09-05 02:02:27,4.8,2.50,0,182,26.76
2024-09-05 02:02:29,4.7,2.50,0,182,26.77
2024-09-05 02:02:30,1.6,2.50,0,182,26.53
2024-09-05 02:02:31,3.2,2.50,0,182,26.51
2024-09-05 02:02:33,4.7,2.50,0,182,26.53
2024-09-05 02:02:34,4.8,2.50,0,182,26.44
2024-09-05 02:02:36,1.6,2.48,0,182,26.43
2024-09-05 02:02:37,3.3,2.49,0,182,26.26
2024-09-05 02:02:38,4.7,2.50,0,182,26.23
2024-09-05 02:02:40,3.2,2.50,0,182,26.27
2024-09-05 02:02:41,1.7,2.50,0,182,10.80
2024-09-05 02:02:43,1.6,2.50,0,182,9.48
2024-09-05 02:02:44,3.2,2.50,0,182,9.29
2024-09-05 02:02:45,1.6,2.50,0,182,9.32
2024-09-05 02:02:47,1.6,2.50,0,182,9.31
2024-09-05 02:02:48,1.6,2.50,0,182,9.30
2024-09-05 02:02:49,4.8,2.50,0,182,9.31
2024-09-05 02:02:51,100,2.50,0,182,9.37
2024-09-05 02:02:52,3.2,2.48,0,182,9.31
2024-09-05 02:02:54,3.2,2.48,0,182,9.33
2024-09-05 02:02:55,1.6,2.48,0,182,9.24
2024-09-05 02:02:56,100,2.49,0,182,9.22
2024-09-05 02:02:58,50,2.11,0,182,9.18
2024-09-05 02:02:59,49.2,2.11,0,182,9.15
2024-09-05 02:03:00,49.2,2.12,0,182,9.17
2024-09-05 02:03:02,50,2.12,0,182,9.14
2024-09-05 02:03:03,3.2,0.75,0,2,15.37
2024-09-05 02:03:04,100,0.75,0,2,21.77
2024-09-05 02:03:06,6.5,0.75,0,2,16.97
2024-09-05 02:03:07,1.6,0.76,0,2,10.96
