Time,CPU Usage (%),Used Memory (GB),GPU Usage (%),GPU Used Memory (GB),GPU Power (W)
2024-09-04 23:00:22,100,0.59,0,2,8.63
2024-09-04 23:00:23,1.6,0.59,0,2,8.67
2024-09-04 23:00:25,100,0.60,0,2,8.63
2024-09-04 23:00:26,100,0.60,0,2,8.66
2024-09-04 23:00:27,100,0.61,0,2,8.66
2024-09-04 23:00:29,1.6,0.61,0,2,8.57
2024-09-04 23:00:30,1.6,0.61,0,2,8.57
2024-09-04 23:00:31,1.6,0.61,0,2,8.62
2024-09-04 23:00:33,1.6,0.61,0,2,8.65
2024-09-04 23:00:34,100,0.61,0,2,8.68
2024-09-04 23:00:35,1.6,0.61,0,2,8.64
2024-09-04 23:00:37,27.4,0.65,0,2,8.61
2024-09-04 23:00:38,28.1,0.80,0,2,8.59
2024-09-04 23:00:40,27,0.90,0,2,8.65
2024-09-04 23:00:41,23.8,1.00,0,2,8.66
2024-09-04 23:00:42,36.5,1.13,0,2,8.64
2024-09-04 23:00:44,25.8,1.51,0,2,8.67
2024-09-04 23:00:45,24.2,1.69,0,2,8.71
2024-09-04 23:00:46,26.2,1.82,0,2,8.62
2024-09-04 23:00:48,23.3,1.95,0,19,8.96
2024-09-04 23:00:49,28.6,2.70,57,572,41.41
2024-09-04 23:00:51,30.2,2.70,58,572,67.53
2024-09-04 23:00:52,26.2,2.72,55,572,67.12
2024-09-04 23:00:53,29,2.72,57,572,67.18
2024-09-04 23:00:55,28.6,2.72,57,572,67.28
2024-09-04 23:00:56,27.4,2.72,59,572,68.72
2024-09-04 23:00:57,30.6,2.72,57,572,69.05
2024-09-04 23:00:59,36.5,2.72,56,572,68.27
2024-09-04 23:01:00,49.2,2.82,57,572,68.20
2024-09-04 23:01:02,26.2,2.80,58,572,69.29
2024-09-04 23:01:03,26.2,2.81,57,572,68.74
2024-09-04 23:01:04,29,2.81,57,572,68.96
2024-09-04 23:01:06,28.6,2.81,56,572,69.52
2024-09-04 23:01:07,28.6,2.81,53,572,67.89
2024-09-04 23:01:08,30.2,2.81,50,572,67.66
2024-09-04 23:01:10,28.6,2.82,58,572,70.26
2024-09-04 23:01:11,28.6,2.82,58,572,69.36
2024-09-04 23:01:13,29,2.81,58,572,69.00
2024-09-04 23:01:14,25,1.62,2,2,54.51
2024-09-04 23:01:15,23,1.81,0,2,30.52
2024-09-04 23:01:17,27.4,1.92,0,2,21.38
2024-09-04 23:01:18,24.6,2.06,0,20,17.55
2024-09-04 23:01:19,25,2.80,21,304,32.84
2024-09-04 23:01:21,27.4,2.82,21,304,37.26
2024-09-04 23:01:22,28.6,2.82,21,304,37.37
2024-09-04 23:01:24,29.7,2.82,21,304,37.44
2024-09-04 23:01:25,26.2,2.83,21,304,37.49
2024-09-04 23:01:26,29,2.83,21,304,37.04
2024-09-04 23:01:28,30.2,2.83,21,304,37.27
2024-09-04 23:01:29,27.4,2.83,21,304,37.41
2024-09-04 23:01:30,27.4,2.84,21,304,37.49
2024-09-04 23:01:32,27.4,2.84,21,304,37.62
2024-09-04 23:01:33,29.7,2.84,22,304,37.51
2024-09-04 23:01:34,28.6,2.84,21,304,37.53
2024-09-04 23:01:36,28.1,2.84,21,304,37.44
2024-09-04 23:01:37,31.8,2.84,22,304,37.44
2024-09-04 23:01:39,26.7,2.84,22,304,37.32
2024-09-04 23:01:40,26.2,2.84,21,304,37.67
2024-09-04 23:01:41,30.6,2.84,22,304,37.58
2024-09-04 23:01:43,29.7,2.84,21,304,37.47
2024-09-04 23:01:44,30.2,2.84,21,304,37.75
2024-09-04 23:01:45,27.4,2.84,21,304,37.32
2024-09-04 23:01:47,29.7,2.84,22,304,37.67
2024-09-04 23:01:48,1.7,1.68,2,2,35.25
2024-09-04 23:01:50,24.2,1.66,0,2,25.82
2024-09-04 23:01:51,26.2,1.87,0,2,25.10
2024-09-04 23:01:52,28.6,1.97,0,2,12.62
2024-09-04 23:01:54,28.6,2.39,2,212,16.84
2024-09-04 23:01:55,25,2.83,48,480,74.98
2024-09-04 23:01:56,29,2.84,49,480,73.44
2024-09-04 23:01:58,27.9,2.85,46,480,73.29
2024-09-04 23:01:59,28.6,2.84,47,480,77.13
2024-09-04 23:02:00,28.6,2.85,43,480,73.31
2024-09-04 23:02:02,29.7,2.86,47,480,74.75
2024-09-04 23:02:03,30.8,2.86,50,480,75.18
2024-09-04 23:02:05,27.4,2.86,47,480,73.71
2024-09-04 23:02:06,29,2.86,46,480,73.22
2024-09-04 23:02:07,28.6,2.86,48,480,72.86
2024-09-04 23:02:09,29.7,2.86,45,480,76.22
2024-09-04 23:02:10,27.4,2.87,39,480,72.52
2024-09-04 23:02:12,29,2.87,48,480,75.54
2024-09-04 23:02:13,29,2.87,48,480,77.02
2024-09-04 23:02:14,27.9,2.87,49,480,75.52
2024-09-04 23:02:16,25,2.87,50,480,76.79
2024-09-04 23:02:17,28.6,2.87,50,480,75.93
2024-09-04 23:02:18,27,2.87,47,480,76.35
2024-09-04 23:02:20,27.4,2.87,36,480,73.20
2024-09-04 23:02:21,27.9,2.87,47,480,74.84
2024-09-04 23:02:23,27,2.87,46,480,75.70
2024-09-04 23:02:24,30.2,2.87,47,480,76.81
2024-09-04 23:02:25,26.2,2.87,49,480,75.73
2024-09-04 23:02:27,27.4,2.87,49,480,75.78
2024-09-04 23:02:28,29.5,2.87,48,480,77.72
2024-09-04 23:02:29,29.7,2.87,36,480,75.00
2024-09-04 23:02:31,25,2.87,49,480,75.13
2024-09-04 23:02:32,32.3,2.87,45,480,76.98
2024-09-04 23:02:34,27.4,2.87,49,480,79.03
2024-09-04 23:02:35,27.4,2.87,49,480,74.71
2024-09-04 23:02:36,28.6,2.87,47,480,75.40
2024-09-04 23:02:38,28.6,2.87,47,480,76.95
2024-09-04 23:02:39,26.2,2.87,44,480,74.63
2024-09-04 23:02:41,26.2,2.87,48,480,77.61
2024-09-04 23:02:42,27,2.87,49,480,78.27
2024-09-04 23:02:43,29.5,2.87,44,480,73.94
2024-09-04 23:02:45,27,2.87,46,480,77.16
2024-09-04 23:02:46,27.4,2.87,45,480,73.83
2024-09-04 23:02:47,29,2.87,49,480,74.75
2024-09-04 23:02:49,27.4,2.87,44,480,75.27
2024-09-04 23:02:50,26.7,2.87,47,480,78.35
2024-09-04 23:02:52,28.6,2.87,48,480,78.98
2024-09-04 23:02:53,28.6,2.87,49,480,77.26
2024-09-04 23:02:54,29.5,2.87,45,480,77.90
2024-09-04 23:02:56,27.4,2.87,49,480,77.07
2024-09-04 23:02:57,28.6,2.87,47,480,78.00
2024-09-04 23:02:58,19,1.86,20,2,67.91
2024-09-04 23:03:00,27.9,1.70,0,2,32.82
2024-09-04 23:03:01,27.4,1.87,0,2,27.97
2024-09-04 23:03:03,25.4,1.99,0,2,17.49
2024-09-04 23:03:04,51.6,2.55,0,228,20.31
2024-09-04 23:03:05,30.2,2.86,12,230,31.08
2024-09-04 23:03:07,27.4,2.86,12,230,31.03
2024-09-04 23:03:08,28.6,2.86,11,230,31.04
2024-09-04 23:03:09,28.6,2.87,12,230,30.83
2024-09-04 23:03:11,28.6,2.87,12,230,30.83
2024-09-04 23:03:12,28.6,2.87,12,230,30.84
2024-09-04 23:03:13,27.4,2.88,12,230,30.89
2024-09-04 23:03:15,29,2.88,12,230,31.05
2024-09-04 23:03:16,32.8,2.88,11,230,30.83
2024-09-04 23:03:18,26.2,2.89,12,230,30.91
2024-09-04 23:03:19,27.4,2.87,12,230,30.84
2024-09-04 23:03:20,29,2.88,12,230,30.90
2024-09-04 23:03:22,28.6,2.88,12,230,30.69
2024-09-04 23:03:23,29,2.89,11,230,30.62
2024-09-04 23:03:25,30.6,2.87,11,230,30.45
2024-09-04 23:03:26,28.6,2.87,11,230,30.59
2024-09-04 23:03:27,26.7,2.87,12,230,30.53
2024-09-04 23:03:29,27.4,2.86,12,230,30.46
2024-09-04 23:03:30,29,2.86,12,230,30.61
2024-09-04 23:03:31,27.9,2.87,12,230,30.76
2024-09-04 23:03:33,21,1.66,0,2,26.94
2024-09-04 23:03:34,28.3,1.82,0,2,16.76
2024-09-04 23:03:36,27,1.95,0,2,14.05
2024-09-04 23:03:37,27.9,2.06,0,2,9.48
2024-09-04 23:03:38,31.2,2.84,36,464,41.74
2024-09-04 23:03:40,28.6,2.85,44,466,65.78
2024-09-04 23:03:41,27.4,2.87,45,466,68.67
2024-09-04 23:03:42,29,2.87,43,466,66.11
2024-09-04 23:03:44,28.6,2.88,44,466,65.71
2024-09-04 23:03:45,27.9,2.89,43,466,66.87
2024-09-04 23:03:46,28.6,2.89,44,466,68.12
2024-09-04 23:03:48,28.1,2.89,43,466,66.18
2024-09-04 23:03:49,30.2,2.89,40,466,66.16
2024-09-04 23:03:51,28.6,2.89,40,466,66.29
2024-09-04 23:03:52,26.2,2.89,44,466,66.86
2024-09-04 23:03:53,27.4,2.89,43,466,67.62
2024-09-04 23:03:55,27.4,2.89,43,466,68.19
2024-09-04 23:03:56,29,2.89,41,466,66.74
2024-09-04 23:03:58,27.9,2.89,43,466,65.81
2024-09-04 23:03:59,28.6,2.89,41,466,65.34
2024-09-04 23:04:00,55,2.90,33,466,65.33
2024-09-04 23:04:02,26.2,2.87,44,466,69.30
2024-09-04 23:04:03,27.4,2.88,42,466,67.27
2024-09-04 23:04:04,28.6,2.88,42,466,68.92
2024-09-04 23:04:06,27.4,2.89,43,466,69.43
2024-09-04 23:04:07,26.2,2.89,44,466,67.04
2024-09-04 23:04:09,26.2,2.89,40,466,68.33
2024-09-04 23:04:10,27.4,2.88,44,466,67.68
2024-09-04 23:04:11,27.4,2.89,43,466,68.51
2024-09-04 23:04:13,27.9,2.89,33,466,66.92
2024-09-04 23:04:14,27.4,2.89,42,466,68.54
2024-09-04 23:04:15,28.6,2.89,40,466,65.39
2024-09-04 23:04:17,27.9,2.89,44,466,69.12
2024-09-04 23:04:18,29,2.89,38,466,66.29
2024-09-04 23:04:20,26.2,2.89,41,466,63.40
2024-09-04 23:04:21,27.4,2.89,38,466,65.98
2024-09-04 23:04:22,30.6,2.89,41,466,65.43
2024-09-04 23:04:24,29.7,2.89,43,466,69.31
2024-09-04 23:04:25,24.6,2.89,42,466,68.05
2024-09-04 23:04:26,28.3,2.89,38,466,66.33
2024-09-04 23:04:28,27.4,2.88,44,466,70.07
2024-09-04 23:04:29,30.2,2.88,42,466,66.58
2024-09-04 23:04:31,27.9,2.87,43,466,66.65
2024-09-04 23:04:32,29,2.86,43,466,66.73
2024-09-04 23:04:33,32.3,2.87,43,466,68.96
2024-09-04 23:04:35,26.7,2.89,43,466,67.36
2024-09-04 23:04:36,25,2.87,37,466,66.87
2024-09-04 23:04:38,29,2.87,40,466,67.70
2024-09-04 23:04:39,28.6,2.88,44,466,66.83
2024-09-04 23:04:40,30.2,2.88,43,466,68.38
2024-09-04 23:04:42,100,1.65,2,2,53.63
2024-09-04 23:04:43,25.8,1.75,0,2,32.49
2024-09-04 23:04:44,27.4,1.93,0,2,22.61
2024-09-04 23:04:46,23.8,2.03,0,2,17.39
2024-09-04 23:04:47,30.2,2.78,5,276,27.83
2024-09-04 23:04:48,29,2.79,26,276,36.40
2024-09-04 23:04:50,28.6,2.79,26,278,36.77
2024-09-04 23:04:51,28.6,2.81,23,278,36.24
2024-09-04 23:04:53,29,2.81,25,278,36.54
2024-09-04 23:04:54,29.7,2.81,24,278,36.38
2024-09-04 23:04:55,30.2,2.82,26,278,36.38
2024-09-04 23:04:57,27.9,2.82,25,278,36.52
2024-09-04 23:04:58,29.7,2.82,26,278,36.41
2024-09-04 23:04:59,26.2,2.82,25,278,36.35
2024-09-04 23:05:01,26.7,2.81,25,278,36.39
2024-09-04 23:05:02,28.3,2.82,24,278,35.92
2024-09-04 23:05:04,28.6,2.82,24,278,36.36
2024-09-04 23:05:05,27.4,2.82,24,278,36.14
2024-09-04 23:05:06,29.5,2.82,25,278,36.37
2024-09-04 23:05:08,33.3,2.82,25,278,36.07
2024-09-04 23:05:09,41.9,2.83,24,278,35.85
2024-09-04 23:05:10,27.4,2.82,25,278,36.35
2024-09-04 23:05:12,27.4,2.82,26,278,36.22
2024-09-04 23:05:13,27.4,2.82,25,278,36.29
2024-09-04 23:05:15,33.9,2.82,26,278,36.28
2024-09-04 23:05:16,29.7,2.82,26,278,36.19
2024-09-04 23:05:17,28.3,2.82,25,278,36.11
2024-09-04 23:05:19,29,2.82,25,278,36.51
2024-09-04 23:05:20,29,2.83,24,2,35.28
2024-09-04 23:05:21,29,1.68,0,2,26.72
2024-09-04 23:05:23,26.2,1.90,0,2,26.36
2024-09-04 23:05:24,28.1,2.00,0,2,12.22
2024-09-04 23:05:26,27.4,2.26,2,174,15.06
2024-09-04 23:05:27,27.4,2.86,20,282,41.64
2024-09-04 23:05:28,28.6,2.88,21,282,35.91
2024-09-04 23:05:30,29.7,2.89,22,282,35.64
2024-09-04 23:05:31,28.6,2.89,19,282,35.47
2024-09-04 23:05:32,29,2.90,21,282,35.54
2024-09-04 23:05:34,25,2.88,21,282,34.90
2024-09-04 23:05:35,28.1,2.89,21,282,35.67
2024-09-04 23:05:37,26.2,2.89,20,282,35.64
2024-09-04 23:05:38,27.4,2.89,21,282,35.31
2024-09-04 23:05:39,30.6,2.89,22,282,35.79
2024-09-04 23:05:41,26.2,2.89,22,282,35.61
2024-09-04 23:05:42,28.6,2.89,21,282,35.73
2024-09-04 23:05:43,27.4,2.88,19,282,35.40
2024-09-04 23:05:45,28.6,2.89,22,282,35.62
2024-09-04 23:05:46,27.9,2.90,19,282,34.89
2024-09-04 23:05:48,27.4,2.90,21,282,35.63
2024-09-04 23:05:49,27.9,2.90,22,282,35.54
2024-09-04 23:05:50,30.6,2.90,19,282,35.49
2024-09-04 23:05:52,28.6,2.90,20,282,35.28
2024-09-04 23:05:53,25.8,2.90,21,282,35.24
2024-09-04 23:05:54,27.4,2.90,20,282,35.73
2024-09-04 23:05:56,27.4,2.90,21,282,35.58
2024-09-04 23:05:57,29.7,2.90,20,282,35.56
2024-09-04 23:05:59,27.4,2.89,21,282,35.25
2024-09-04 23:06:00,26.2,2.90,21,282,35.31
2024-09-04 23:06:01,28.6,2.90,21,282,35.49
2024-09-04 23:06:03,50,2.92,20,282,35.18
2024-09-04 23:06:04,29,2.88,21,282,35.49
2024-09-04 23:06:05,27.4,2.89,21,282,35.48
2024-09-04 23:06:07,29.2,2.89,19,282,35.41
2024-09-04 23:06:08,28.6,2.90,22,282,35.94
2024-09-04 23:06:10,30.6,2.90,18,282,35.03
2024-09-04 23:06:11,27.4,2.90,21,282,35.39
2024-09-04 23:06:12,26.7,2.90,20,282,35.56
2024-09-04 23:06:14,28.6,2.90,21,282,35.65
2024-09-04 23:06:15,27.4,2.90,20,282,35.60
2024-09-04 23:06:16,27.4,2.90,21,282,35.59
2024-09-04 23:06:18,27.9,2.90,20,282,35.46
2024-09-04 23:06:19,27.9,2.89,21,282,35.51
2024-09-04 23:06:21,27.4,2.89,19,282,35.16
2024-09-04 23:06:22,28.6,2.90,20,282,35.28
2024-09-04 23:06:23,29,2.90,21,282,35.71
2024-09-04 23:06:25,4.8,1.66,0,2,28.97
2024-09-04 23:06:26,28.6,1.76,0,2,26.20
2024-09-04 23:06:27,27.4,1.93,0,2,19.57
2024-09-04 23:06:29,27,2.05,0,2,12.17
2024-09-04 23:06:30,27.9,2.79,12,344,30.94
2024-09-04 23:06:32,27.4,2.80,22,346,43.45
2024-09-04 23:06:33,27.9,2.80,21,346,38.31
2024-09-04 23:06:34,30.2,2.80,22,346,38.11
2024-09-04 23:06:36,28.6,2.81,22,346,37.93
2024-09-04 23:06:37,28.6,2.81,21,346,37.89
2024-09-04 23:06:38,27.4,2.81,21,346,38.32
2024-09-04 23:06:40,27.9,2.82,21,346,38.06
2024-09-04 23:06:41,27,2.82,22,346,38.29
2024-09-04 23:06:42,29,2.82,22,346,38.00
2024-09-04 23:06:44,26.2,2.83,21,346,38.11
2024-09-04 23:06:45,28.6,2.83,20,346,38.07
2024-09-04 23:06:47,27.9,2.83,22,346,37.88
2024-09-04 23:06:48,30.2,2.83,21,346,38.25
2024-09-04 23:06:49,29.5,2.83,22,346,38.24
2024-09-04 23:06:51,25,2.83,22,346,38.25
2024-09-04 23:06:52,27.9,2.83,21,346,37.86
2024-09-04 23:06:53,28.6,2.83,22,346,38.26
2024-09-04 23:06:55,28.6,2.83,22,346,37.95
2024-09-04 23:06:56,28.6,2.83,21,346,38.19
2024-09-04 23:06:58,28.6,2.82,22,346,38.18
2024-09-04 23:06:59,27.4,2.82,22,346,38.23
2024-09-04 23:07:00,27.4,2.82,21,346,37.94
2024-09-04 23:07:02,30.2,2.83,22,346,38.21
2024-09-04 23:07:03,30.2,2.83,22,346,38.31
2024-09-04 23:07:04,28.6,2.83,21,346,38.12
2024-09-04 23:07:06,31.2,2.83,21,346,38.41
2024-09-04 23:07:07,25,2.83,22,346,38.22
2024-09-04 23:07:09,29,2.83,21,346,38.19
2024-09-04 23:07:10,29,2.83,21,346,38.13
2024-09-04 23:07:11,31.2,2.83,21,346,38.36
2024-09-04 23:07:13,51.6,2.83,20,346,37.76
2024-09-04 23:07:14,27.4,2.82,22,346,38.37
2024-09-04 23:07:15,27.4,2.83,20,346,37.92
2024-09-04 23:07:17,26.7,2.83,20,346,38.10
2024-09-04 23:07:18,26.2,2.81,21,346,38.38
2024-09-04 23:07:20,29,2.82,21,346,38.38
2024-09-04 23:07:21,27.4,2.80,22,346,38.44
2024-09-04 23:07:22,30.2,2.81,22,346,38.19
2024-09-04 23:07:24,27.9,2.82,21,346,38.21
2024-09-04 23:07:25,25,2.82,22,346,38.02
2024-09-04 23:07:26,27.9,2.83,22,346,38.37
2024-09-04 23:07:28,27.9,2.83,22,346,38.31
2024-09-04 23:07:29,27.9,2.83,15,346,36.74
2024-09-04 23:07:31,4.8,1.67,11,2,36.08
2024-09-04 23:07:32,25,1.76,0,2,26.31
2024-09-04 23:07:33,29.7,1.95,0,2,23.90
2024-09-04 23:07:35,27.4,2.05,0,2,13.54
2024-09-04 23:07:36,27.9,2.86,8,440,31.94
2024-09-04 23:07:37,30.2,2.89,44,440,61.59
2024-09-04 23:07:39,28.6,2.89,45,440,61.60
2024-09-04 23:07:40,27.4,2.90,49,440,62.48
2024-09-04 23:07:42,26.7,2.89,48,440,62.42
2024-09-04 23:07:43,28.6,2.90,49,440,62.29
2024-09-04 23:07:44,27.4,2.90,50,440,61.76
2024-09-04 23:07:46,26.2,2.91,49,440,62.07
2024-09-04 23:07:47,28.6,2.90,47,440,61.73
2024-09-04 23:07:48,26.2,2.90,49,440,62.69
2024-09-04 23:07:50,29.5,2.90,48,440,62.94
2024-09-04 23:07:51,28.6,2.89,47,440,62.42
2024-09-04 23:07:53,29,2.91,49,440,61.56
2024-09-04 23:07:54,28.6,2.91,51,440,62.85
2024-09-04 23:07:55,34.4,2.89,44,440,60.86
2024-09-04 23:07:57,26.2,2.90,48,440,62.82
2024-09-04 23:07:58,26.7,2.90,48,440,63.63
2024-09-04 23:07:59,27.9,2.90,45,440,61.62
2024-09-04 23:08:01,27.4,2.91,51,440,63.09
2024-09-04 23:08:02,29.7,2.91,48,440,62.08
2024-09-04 23:08:04,30.2,2.90,50,440,62.70
2024-09-04 23:08:05,50,2.95,47,440,62.23
2024-09-04 23:08:06,28.6,2.91,48,440,61.80
2024-09-04 23:08:08,27.9,2.91,50,440,63.43
2024-09-04 23:08:09,26.2,2.90,48,440,61.30
2024-09-04 23:08:10,28.6,2.91,46,440,63.01
2024-09-04 23:08:12,27.9,2.91,46,440,61.81
2024-09-04 23:08:13,27.4,2.89,46,440,62.67
2024-09-04 23:08:15,26.2,2.89,50,440,62.91
2024-09-04 23:08:16,29,2.89,48,440,62.73
2024-09-04 23:08:17,28.6,2.90,48,440,63.12
2024-09-04 23:08:19,27.9,2.88,47,440,61.77
2024-09-04 23:08:20,27.4,2.88,51,440,62.91
2024-09-04 23:08:22,29,2.89,50,440,61.21
2024-09-04 23:08:23,28.6,1.65,2,2,54.14
2024-09-04 23:08:24,28.6,1.82,0,2,32.09
2024-09-04 23:08:26,32.8,1.95,0,2,27.40
2024-09-04 23:08:27,25.8,2.07,0,2,14.80
2024-09-04 23:08:28,31.2,2.87,61,566,53.22
2024-09-04 23:08:30,26.7,2.87,58,566,85.95
2024-09-04 23:08:31,27.4,2.88,58,568,89.99
2024-09-04 23:08:32,27.9,2.88,55,568,86.25
2024-09-04 23:08:34,30.2,2.88,59,568,90.03
2024-09-04 23:08:35,30.2,2.88,47,568,89.00
2024-09-04 23:08:37,27.9,2.88,56,568,90.63
2024-09-04 23:08:38,29,2.87,57,568,91.18
2024-09-04 23:08:39,29,2.86,58,568,87.75
2024-09-04 23:08:41,28.1,2.87,59,568,87.92
2024-09-04 23:08:42,26.2,2.87,47,568,87.94
2024-09-04 23:08:43,28.6,2.87,59,568,90.54
2024-09-04 23:08:45,27.4,2.88,60,568,91.23
2024-09-04 23:08:46,27.4,2.87,58,568,89.60
2024-09-04 23:08:48,28.6,2.88,58,568,88.81
2024-09-04 23:08:49,30.2,2.89,46,568,89.43
2024-09-04 23:08:50,27.4,2.89,59,568,92.75
2024-09-04 23:08:52,27.9,2.89,59,568,92.02
2024-09-04 23:08:53,25.8,2.90,57,568,90.14
2024-09-04 23:08:55,26.2,2.90,56,568,92.76
2024-09-04 23:08:56,29,2.90,45,568,90.53
2024-09-04 23:08:57,27.4,2.90,60,568,90.69
2024-09-04 23:08:59,24.6,2.90,57,568,88.95
2024-09-04 23:09:00,30.2,2.88,59,568,88.89
2024-09-04 23:09:01,29,2.88,60,568,91.25
2024-09-04 23:09:03,30.2,2.89,54,568,91.05
2024-09-04 23:09:04,29,2.90,59,568,92.55
2024-09-04 23:09:06,29,2.90,59,568,91.92
2024-09-04 23:09:07,28.6,2.90,58,568,87.66
2024-09-04 23:09:08,29.5,2.90,59,568,90.85
2024-09-04 23:09:10,27.4,2.90,60,568,93.03
2024-09-04 23:09:11,24.1,2.90,58,568,92.54
2024-09-04 23:09:12,27.4,2.90,60,568,89.65
2024-09-04 23:09:14,27.4,2.90,59,568,91.15
2024-09-04 23:09:15,26.7,2.90,59,568,94.71
2024-09-04 23:09:17,52.4,2.90,57,568,93.17
2024-09-04 23:09:18,26.2,2.91,56,568,93.23
2024-09-04 23:09:19,27.4,2.91,58,568,91.44
2024-09-04 23:09:21,27.4,2.91,59,568,90.54
2024-09-04 23:09:22,29,2.91,60,568,95.40
2024-09-04 23:09:23,32.3,2.91,60,568,93.54
2024-09-04 23:09:25,28.1,2.91,60,568,92.41
2024-09-04 23:09:26,28.6,2.91,56,568,95.05
2024-09-04 23:09:28,28.6,2.91,60,568,92.56
2024-09-04 23:09:29,24.6,2.93,57,568,91.66
2024-09-04 23:09:30,27.9,2.91,60,568,94.77
2024-09-04 23:09:32,26.2,2.91,59,568,94.43
2024-09-04 23:09:33,27.4,2.91,60,568,93.59
2024-09-04 23:09:34,27.4,2.91,46,568,90.59
2024-09-04 23:09:36,28.6,2.91,60,568,93.85
2024-09-04 23:09:37,28.6,2.92,58,568,93.78
2024-09-04 23:09:39,27.4,2.30,1,230,40.56
2024-09-04 23:09:40,30.6,2.49,11,230,34.33
2024-09-04 23:09:41,30.6,2.49,11,230,31.77
2024-09-04 23:09:43,31.7,2.50,11,230,31.31
2024-09-04 23:09:44,31.1,2.50,11,230,31.33
2024-09-04 23:09:45,30.6,2.51,11,230,31.32
2024-09-04 23:09:47,31.7,2.51,11,230,31.25
2024-09-04 23:09:48,29.5,2.52,11,230,31.34
2024-09-04 23:09:50,30.6,2.52,11,230,31.14
2024-09-04 23:09:51,28.3,2.52,11,230,31.24
2024-09-04 23:09:52,32.8,2.52,11,230,31.22
2024-09-04 23:09:54,32.3,2.51,11,230,30.99
2024-09-04 23:09:55,30.6,2.51,11,230,30.92
2024-09-04 23:09:56,31.1,2.51,11,230,30.89
2024-09-04 23:09:58,30.6,2.52,11,230,30.88
2024-09-04 23:09:59,31.7,2.52,11,230,30.83
2024-09-04 23:10:01,30.2,2.52,11,230,30.81
2024-09-04 23:10:02,30.6,2.52,11,230,30.68
2024-09-04 23:10:03,32.8,2.52,11,230,30.73
2024-09-04 23:10:05,31.2,2.52,11,230,30.62
2024-09-04 23:10:06,30.6,2.52,11,230,30.71
2024-09-04 23:10:07,27.9,2.51,0,174,28.04
2024-09-04 23:10:09,6.5,2.52,0,174,26.93
2024-09-04 23:10:10,1.6,2.52,0,174,26.95
2024-09-04 23:10:12,100,2.53,0,174,26.96
2024-09-04 23:10:13,3.2,2.53,0,174,26.78
2024-09-04 23:10:14,3.2,2.54,0,174,26.83
2024-09-04 23:10:16,1.6,2.54,0,174,26.86
2024-09-04 23:10:17,3.1,2.54,0,174,26.64
2024-09-04 23:10:18,3.2,2.54,0,174,26.62
2024-09-04 23:10:20,1.6,2.54,0,174,26.68
2024-09-04 23:10:21,1.6,2.54,0,174,26.68
2024-09-04 23:10:23,3.2,2.54,0,174,26.66
2024-09-04 23:10:24,4.8,2.54,0,174,23.32
2024-09-04 23:10:25,3.2,2.54,0,174,15.79
2024-09-04 23:10:27,3.2,2.54,0,174,10.49
2024-09-04 23:10:28,3.3,2.54,0,174,9.47
2024-09-04 23:10:29,3.1,2.53,0,174,9.46
2024-09-04 23:10:31,100,2.53,0,174,9.40
2024-09-04 23:10:32,3.2,2.54,0,174,9.40
2024-09-04 23:10:34,3.2,2.54,0,174,9.39
2024-09-04 23:10:35,1.6,2.54,0,174,9.38
2024-09-04 23:10:36,4.8,2.54,0,174,9.37
2024-09-04 23:10:38,4.8,2.54,0,174,9.39
2024-09-04 23:10:39,33.3,2.53,0,174,9.36
2024-09-04 23:10:40,48.4,2.15,0,174,9.35
2024-09-04 23:10:42,50,2.15,0,174,9.32
2024-09-04 23:10:43,48.4,2.16,0,174,9.26
2024-09-04 23:10:45,27,0.70,0,2,9.90
2024-09-04 23:10:46,1.6,0.74,0,2,10.89
2024-09-04 23:10:47,100,0.74,0,2,9.18
2024-09-04 23:10:49,100,0.74,0,2,9.13
2024-09-04 23:10:50,1.6,0.73,0,2,9.08
2024-09-04 23:10:51,1.6,0.75,0,2,9.08
2024-09-04 23:10:53,1.6,0.75,0,2,9.09
2024-09-04 23:10:54,100,0.75,0,2,9.06
2024-09-04 23:10:55,100,0.75,0,2,9.05
2024-09-04 23:10:57,1.6,0.75,0,2,9.11
2024-09-04 23:10:58,1.6,0.75,0,2,9.10
2024-09-04 23:11:00,1.6,0.75,0,2,9.07
2024-09-04 23:11:01,100,0.75,0,2,9.07
2024-09-04 23:11:02,3.2,0.75,0,2,9.00
2024-09-04 23:11:04,100,0.75,0,2,8.98
2024-09-04 23:11:05,100,0.75,0,2,8.91
2024-09-04 23:11:06,1.6,0.75,0,2,8.92
2024-09-04 23:11:08,11.3,0.75,0,2,8.95
2024-09-04 23:11:09,6.2,0.75,0,2,8.94
2024-09-04 23:11:11,1.6,0.75,0,2,8.95
2024-09-04 23:11:12,25.8,0.77,0,2,9.01
2024-09-04 23:11:13,1.6,0.76,0,2,8.92
2024-09-04 23:11:15,1.6,0.77,0,2,8.89
2024-09-04 23:11:16,1.6,0.77,0,2,8.95
2024-09-04 23:11:17,100,0.77,0,2,8.98
