Time,CPU Usage (%),Used Memory (GB),GPU Usage (%),GPU Used Memory (GB),GPU Power (W)
2024-09-04 20:00:59,1.6,0.86,0,2,8.80
2024-09-04 20:01:01,1.6,0.88,0,2,8.73
2024-09-04 20:01:02,1.6,0.88,0,2,8.72
2024-09-04 20:01:03,100,0.89,0,2,8.77
2024-09-04 20:01:05,31.7,0.89,0,2,8.85
2024-09-04 20:01:06,1.6,0.87,0,2,8.71
2024-09-04 20:01:08,31.1,0.90,0,2,8.77
2024-09-04 20:01:09,27.4,0.96,0,2,8.73
2024-09-04 20:01:10,26.2,1.15,0,2,8.69
2024-09-04 20:01:12,26.2,1.25,0,2,8.76
2024-09-04 20:01:13,76.6,1.34,0,2,8.71
2024-09-04 20:01:14,71,1.70,0,2,8.70
2024-09-04 20:01:16,27.4,1.88,0,2,8.74
2024-09-04 20:01:17,25,2.06,0,2,8.81
2024-09-04 20:01:19,29,2.17,0,2,8.85
2024-09-04 20:01:20,26.2,2.78,7,678,16.93
2024-09-04 20:01:21,30.6,2.79,7,678,27.95
2024-09-04 20:01:23,30.2,2.80,7,678,28.04
2024-09-04 20:01:24,27.4,2.80,7,678,28.66
2024-09-04 20:01:25,29,2.81,7,678,28.00
2024-09-04 20:01:27,27.4,2.79,7,678,27.86
2024-09-04 20:01:28,17.5,2.71,18,2,28.65
2024-09-04 20:01:30,30.2,1.83,0,2,25.45
2024-09-04 20:01:31,25,2.06,0,2,22.38
2024-09-04 20:01:32,25.8,2.15,0,2,11.34
2024-09-04 20:01:34,28.6,2.35,2,172,13.61
2024-09-04 20:01:35,26.2,2.79,89,984,77.61
2024-09-04 20:01:36,29,2.80,87,984,77.64
2024-09-04 20:01:38,26.2,2.81,88,984,76.82
2024-09-04 20:01:39,26.2,2.81,88,984,78.14
2024-09-04 20:01:41,26.2,2.81,86,984,79.02
2024-09-04 20:01:42,27.4,2.80,88,984,78.98
2024-09-04 20:01:43,29,2.80,88,984,78.02
2024-09-04 20:01:45,27.4,2.81,87,984,76.39
2024-09-04 20:01:46,27.4,2.81,87,984,79.58
2024-09-04 20:01:47,27.9,2.81,88,984,79.33
2024-09-04 20:01:49,29,2.82,88,984,77.69
2024-09-04 20:01:50,27.4,2.82,87,984,80.48
2024-09-04 20:01:52,55.6,2.83,87,984,80.02
2024-09-04 20:01:53,30.2,2.83,88,984,80.06
2024-09-04 20:01:54,28.6,2.84,87,984,78.35
2024-09-04 20:01:56,28.6,2.84,87,984,79.28
2024-09-04 20:01:57,28.6,2.84,88,984,80.84
2024-09-04 20:01:58,27.9,2.84,87,984,81.19
2024-09-04 20:02:00,25,2.84,88,984,80.38
2024-09-04 20:02:01,27.4,2.84,87,984,79.79
2024-09-04 20:02:03,28.6,2.84,87,984,80.29
2024-09-04 20:02:04,27.4,2.84,86,984,78.76
2024-09-04 20:02:05,27.4,2.84,88,984,80.25
2024-09-04 20:02:07,29.7,2.84,87,984,79.29
2024-09-04 20:02:08,28.6,2.84,88,984,80.84
2024-09-04 20:02:09,32.3,2.84,87,984,78.89
2024-09-04 20:02:11,27.4,2.84,87,984,79.25
2024-09-04 20:02:12,27.4,2.84,85,984,79.38
2024-09-04 20:02:14,28.3,2.84,88,984,81.50
2024-09-04 20:02:15,29.7,2.84,88,984,80.88
2024-09-04 20:02:16,27.4,2.84,88,984,80.64
2024-09-04 20:02:18,28.6,2.84,85,984,80.04
2024-09-04 20:02:19,27.4,2.84,89,984,82.97
2024-09-04 20:02:20,27.4,2.84,89,984,80.96
2024-09-04 20:02:22,27.4,2.84,88,984,82.19
2024-09-04 20:02:23,27.9,2.84,88,984,81.94
2024-09-04 20:02:25,28.6,2.84,88,984,81.55
2024-09-04 20:02:26,26.2,2.84,87,984,82.16
2024-09-04 20:02:27,28.6,2.84,88,984,81.39
2024-09-04 20:02:29,28.6,2.84,87,984,82.02
2024-09-04 20:02:30,27.4,1.84,0,2,38.42
2024-09-04 20:02:31,27.4,2.01,0,2,28.85
2024-09-04 20:02:33,26.2,2.13,0,2,22.97
2024-09-04 20:02:34,21.7,2.25,0,19,15.06
2024-09-04 20:02:36,26.7,2.82,12,392,38.22
2024-09-04 20:02:37,29.7,2.83,31,392,41.97
2024-09-04 20:02:38,27.9,2.85,13,392,39.39
2024-09-04 20:02:40,30.2,2.85,12,392,43.38
2024-09-04 20:02:41,26.2,1.90,0,2,32.36
2024-09-04 20:02:42,27.4,2.11,0,2,30.28
2024-09-04 20:02:44,24.6,2.22,0,2,21.42
2024-09-04 20:02:45,26.2,2.83,5,254,30.22
2024-09-04 20:02:47,30.2,2.85,8,254,31.60
2024-09-04 20:02:48,26.2,2.86,6,254,28.32
2024-09-04 20:02:49,27.9,2.86,6,254,28.41
2024-09-04 20:02:51,26.2,2.87,6,254,28.30
2024-09-04 20:02:52,28.6,2.87,8,254,28.29
2024-09-04 20:02:54,29,1.85,0,2,26.78
2024-09-04 20:02:55,29.7,2.08,0,2,15.53
2024-09-04 20:02:56,25.8,2.16,0,2,13.30
2024-09-04 20:02:58,29,2.38,1,152,12.01
2024-09-04 20:02:59,30.2,2.83,11,442,34.52
2024-09-04 20:03:00,27.4,2.83,10,442,29.25
2024-09-04 20:03:02,25.8,2.85,11,442,28.95
2024-09-04 20:03:03,27.4,1.86,0,2,27.08
2024-09-04 20:03:04,28.6,2.03,0,2,23.83
2024-09-04 20:03:06,27.4,2.16,0,2,19.89
2024-09-04 20:03:07,27.9,2.27,0,19,10.02
2024-09-04 20:03:09,25.4,2.83,9,318,33.24
2024-09-04 20:03:10,27.9,2.83,9,318,30.35
2024-09-04 20:03:11,27.9,2.83,9,318,29.01
2024-09-04 20:03:13,28.6,2.83,10,318,28.92
2024-09-04 20:03:14,28.6,2.84,9,318,28.81
2024-09-04 20:03:16,31.2,2.84,13,318,29.05
2024-09-04 20:03:17,29.7,2.84,0,170,27.06
2024-09-04 20:03:18,28.1,1.94,0,2,25.91
2024-09-04 20:03:20,26.2,2.12,0,2,20.22
2024-09-04 20:03:21,24.6,2.23,0,2,15.73
2024-09-04 20:03:22,27.4,2.82,8,678,32.32
2024-09-04 20:03:24,26.7,2.82,14,678,32.35
2024-09-04 20:03:25,29,2.83,8,678,28.78
2024-09-04 20:03:27,3.2,1.85,0,2,27.97
2024-09-04 20:03:28,25.8,1.91,0,2,26.05
2024-09-04 20:03:29,27.4,2.09,0,2,12.19
2024-09-04 20:03:31,23,2.20,0,2,11.26
2024-09-04 20:03:32,27.4,2.73,1,658,18.83
2024-09-04 20:03:33,27.9,2.84,84,658,84.52
2024-09-04 20:03:35,28.6,2.85,85,658,85.21
2024-09-04 20:03:36,27,2.86,84,658,86.36
2024-09-04 20:03:37,26.2,2.86,86,658,85.32
2024-09-04 20:03:39,28.6,2.86,87,658,84.66
2024-09-04 20:03:40,29.7,2.86,84,658,85.59
2024-09-04 20:03:42,30.2,2.86,83,658,85.45
2024-09-04 20:03:43,27.4,2.86,85,658,84.63
2024-09-04 20:03:44,26.2,2.86,88,658,84.76
2024-09-04 20:03:46,26.2,2.84,86,658,85.80
2024-09-04 20:03:47,30.2,2.84,86,658,84.05
2024-09-04 20:03:48,26.2,2.84,85,658,86.21
2024-09-04 20:03:50,27.9,2.85,87,658,83.47
2024-09-04 20:03:51,26.2,2.86,86,658,85.38
2024-09-04 20:03:53,26.7,2.86,86,658,85.45
2024-09-04 20:03:54,29.7,2.86,85,658,83.89
2024-09-04 20:03:55,31.7,2.87,85,658,88.72
2024-09-04 20:03:57,52.4,2.87,86,658,88.10
2024-09-04 20:03:58,29.7,2.87,85,658,86.09
2024-09-04 20:03:59,30.8,2.88,85,658,86.88
2024-09-04 20:04:01,26.2,2.88,86,658,83.63
2024-09-04 20:04:02,25,2.88,84,658,85.53
2024-09-04 20:04:04,27.4,2.88,86,658,87.07
2024-09-04 20:04:05,27.9,2.88,87,658,89.10
2024-09-04 20:04:06,30.3,2.88,88,658,91.01
2024-09-04 20:04:08,26.7,2.88,85,658,86.22
2024-09-04 20:04:09,28.6,2.88,87,658,86.02
2024-09-04 20:04:10,27.9,2.88,87,658,88.58
2024-09-04 20:04:12,28.6,2.88,87,658,88.85
2024-09-04 20:04:13,29,2.88,86,658,89.58
2024-09-04 20:04:15,27.9,2.88,81,658,84.86
2024-09-04 20:04:16,29.7,2.88,87,658,88.55
2024-09-04 20:04:17,27.4,2.89,87,658,89.34
2024-09-04 20:04:19,27.9,2.89,86,658,88.81
2024-09-04 20:04:20,28.6,2.89,85,658,87.19
2024-09-04 20:04:21,27.4,2.89,84,658,86.06
2024-09-04 20:04:23,28.6,2.89,86,658,89.61
2024-09-04 20:04:24,28.6,2.89,86,658,87.31
2024-09-04 20:04:26,28.3,2.89,85,658,87.79
2024-09-04 20:04:27,27.4,2.89,85,658,85.58
2024-09-04 20:04:28,26.2,2.88,87,658,88.28
2024-09-04 20:04:30,25,2.87,85,658,83.64
2024-09-04 20:04:31,27.4,2.88,84,658,88.91
2024-09-04 20:04:32,27.4,2.88,85,658,89.97
2024-09-04 20:04:34,29,2.88,85,658,88.11
2024-09-04 20:04:35,29.7,2.88,86,658,88.23
2024-09-04 20:04:37,29,2.88,85,658,88.20
2024-09-04 20:04:38,25.8,2.88,88,658,88.92
2024-09-04 20:04:39,27.4,2.88,86,658,89.42
2024-09-04 20:04:41,27.9,2.88,85,658,89.79
2024-09-04 20:04:42,28.6,2.88,85,658,90.04
2024-09-04 20:04:43,1.6,1.85,0,2,66.26
2024-09-04 20:04:45,25.4,1.89,0,2,33.78
2024-09-04 20:04:46,27,2.09,0,2,24.07
2024-09-04 20:04:48,26.2,2.20,0,2,16.61
2024-09-04 20:04:49,26.2,2.61,1,440,19.10
2024-09-04 20:04:50,26.7,2.83,13,442,38.18
2024-09-04 20:04:52,27.4,2.84,13,442,32.21
2024-09-04 20:04:53,27.9,2.86,23,442,32.66
2024-09-04 20:04:54,29,2.84,14,442,31.98
2024-09-04 20:04:56,27.9,2.84,13,442,32.14
2024-09-04 20:04:57,20,2.85,24,2,32.51
2024-09-04 20:04:58,26.2,1.86,0,2,27.63
2024-09-04 20:05:00,28.6,2.09,0,2,26.28
2024-09-04 20:05:01,27.4,2.18,0,2,12.33
2024-09-04 20:05:03,30.2,2.35,0,172,11.83
2024-09-04 20:05:04,28.6,2.82,28,288,33.76
2024-09-04 20:05:05,26.2,2.82,56,288,42.20
2024-09-04 20:05:07,30.2,2.82,56,288,42.60
2024-09-04 20:05:08,27.4,2.83,27,288,42.89
2024-09-04 20:05:09,28.6,2.01,2,180,38.86
2024-09-04 20:05:11,38.5,2.43,6,194,28.98
2024-09-04 20:05:12,33.9,2.44,6,194,29.13
2024-09-04 20:05:14,34.4,2.45,6,194,29.15
2024-09-04 20:05:15,36.5,2.45,6,194,29.08
2024-09-04 20:05:16,35.9,2.45,5,194,28.92
2024-09-04 20:05:18,34.4,2.45,6,194,28.94
2024-09-04 20:05:19,71.4,2.45,5,170,29.08
2024-09-04 20:05:20,24.2,2.51,0,170,26.95
2024-09-04 20:05:22,27,2.72,0,170,26.83
2024-09-04 20:05:23,25.8,2.82,0,170,26.76
2024-09-04 20:05:25,30.2,3.44,6,847,27.36
2024-09-04 20:05:26,30.2,3.45,7,847,29.87
2024-09-04 20:05:27,26.7,3.45,15,847,29.68
2024-09-04 20:05:29,30.2,3.46,7,847,29.99
2024-09-04 20:05:30,27.4,3.46,7,847,29.79
2024-09-04 20:05:31,26.2,3.46,15,847,30.53
2024-09-04 20:05:33,30.2,3.47,7,847,29.91
2024-09-04 20:05:34,25,2.56,0,170,27.81
2024-09-04 20:05:36,27.4,2.77,0,170,26.59
2024-09-04 20:05:37,25.8,2.86,0,170,26.59
2024-09-04 20:05:38,29,3.42,76,1149,52.81
2024-09-04 20:05:40,26.2,3.41,88,1149,81.91
2024-09-04 20:05:41,29,3.42,87,1149,81.75
2024-09-04 20:05:42,29.5,3.43,86,1149,80.62
2024-09-04 20:05:44,27.9,3.44,87,1149,80.42
2024-09-04 20:05:45,27,3.44,79,1149,79.90
2024-09-04 20:05:47,30.2,3.44,88,1149,81.05
2024-09-04 20:05:48,27.4,3.45,89,1149,80.33
2024-09-04 20:05:49,27.4,3.45,88,1149,79.05
2024-09-04 20:05:51,28.6,3.45,88,1149,81.99
2024-09-04 20:05:52,28.6,3.45,87,1149,74.47
2024-09-04 20:05:53,27.9,3.45,88,1149,81.93
2024-09-04 20:05:55,28.6,3.45,86,1149,80.46
2024-09-04 20:05:56,27.4,3.45,89,1149,82.57
2024-09-04 20:05:58,29,3.45,87,1149,83.14
2024-09-04 20:05:59,28.6,3.45,88,1149,83.06
2024-09-04 20:06:00,27.9,3.45,79,1149,81.02
2024-09-04 20:06:02,53.2,3.46,88,1149,82.14
2024-09-04 20:06:03,29.7,3.43,88,1149,82.61
2024-09-04 20:06:04,27.4,3.44,89,1149,82.79
2024-09-04 20:06:06,29.7,3.45,86,1149,81.52
2024-09-04 20:06:07,26.2,3.45,89,1149,82.63
2024-09-04 20:06:09,30.2,3.45,88,1149,82.80
2024-09-04 20:06:10,28.6,3.45,86,1149,82.33
2024-09-04 20:06:11,28.6,3.45,86,1149,81.39
2024-09-04 20:06:13,30.2,3.45,86,1149,81.90
2024-09-04 20:06:14,27.4,3.45,89,1149,81.42
2024-09-04 20:06:15,27.4,3.45,88,1149,83.18
2024-09-04 20:06:17,27.9,3.45,87,1149,83.29
2024-09-04 20:06:18,26.2,3.45,87,1149,83.42
2024-09-04 20:06:20,29,3.45,89,1149,83.47
2024-09-04 20:06:21,29,3.45,85,1149,84.03
2024-09-04 20:06:22,27.9,3.45,85,1149,82.92
2024-09-04 20:06:24,29,3.45,88,1149,83.03
2024-09-04 20:06:25,26.2,3.44,86,1149,82.30
2024-09-04 20:06:26,27.9,3.45,89,1149,83.48
2024-09-04 20:06:28,27.9,3.45,88,1149,83.73
2024-09-04 20:06:29,27.9,3.46,87,1149,83.17
2024-09-04 20:06:31,29,3.46,88,1149,83.90
2024-09-04 20:06:32,29.7,3.46,89,1149,82.43
2024-09-04 20:06:33,27.4,3.46,88,1149,82.45
2024-09-04 20:06:35,27.4,2.50,0,170,33.45
2024-09-04 20:06:36,27.4,2.73,0,170,31.21
2024-09-04 20:06:37,26.2,2.82,0,170,24.48
2024-09-04 20:06:39,29,3.27,2,557,22.70
2024-09-04 20:06:40,29,3.45,12,557,37.49
2024-09-04 20:06:42,27.9,3.46,12,557,43.00
2024-09-04 20:06:43,29,3.46,47,557,43.69
2024-09-04 20:06:44,4.8,2.46,13,170,42.49
2024-09-04 20:06:46,27.4,2.49,0,170,33.54
2024-09-04 20:06:47,27.4,2.73,0,170,25.88
2024-09-04 20:06:48,28.6,2.83,0,170,16.39
2024-09-04 20:06:50,27.4,3.12,1,407,20.18
2024-09-04 20:06:51,28.6,3.46,6,419,33.79
2024-09-04 20:06:52,27.4,3.46,7,419,29.31
2024-09-04 20:06:54,27.9,3.46,6,419,29.67
2024-09-04 20:06:55,28.6,3.46,6,419,29.67
2024-09-04 20:06:57,30.6,3.46,6,419,29.61
2024-09-04 20:06:58,25.4,3.21,7,170,29.70
2024-09-04 20:06:59,26.2,2.63,0,170,27.77
2024-09-04 20:07:01,26.2,2.78,0,170,18.38
2024-09-04 20:07:02,27,2.89,0,295,10.93
2024-09-04 20:07:03,30.2,3.44,9,483,34.65
2024-09-04 20:07:05,27.4,3.45,10,607,31.40
2024-09-04 20:07:06,28.6,3.46,10,607,30.22
2024-09-04 20:07:08,3.2,2.48,11,170,29.76
2024-09-04 20:07:09,27.4,2.56,0,170,27.16
2024-09-04 20:07:10,26.2,2.74,0,170,18.53
2024-09-04 20:07:12,25.8,2.84,0,170,11.64
2024-09-04 20:07:13,26.2,3.42,2,421,19.94
2024-09-04 20:07:14,26.2,3.44,9,483,30.24
2024-09-04 20:07:16,30.8,3.46,12,483,29.93
2024-09-04 20:07:17,28.6,3.46,9,483,30.40
2024-09-04 20:07:19,27.4,3.47,9,483,30.31
2024-09-04 20:07:20,30.8,3.47,13,483,30.56
2024-09-04 20:07:21,26.2,3.47,9,483,30.25
2024-09-04 20:07:23,25,2.51,0,170,27.77
2024-09-04 20:07:24,28.6,2.72,0,170,24.90
2024-09-04 20:07:25,25.8,2.81,0,170,18.57
2024-09-04 20:07:27,27.9,3.08,1,587,20.09
2024-09-04 20:07:28,27.9,3.44,8,847,31.65
2024-09-04 20:07:29,29,3.45,8,847,29.47
2024-09-04 20:07:31,26.2,3.45,8,847,29.83
2024-09-04 20:07:32,27.4,2.50,0,170,27.74
2024-09-04 20:07:34,28.6,2.67,0,170,26.70
2024-09-04 20:07:35,27.4,2.79,0,170,12.69
2024-09-04 20:07:36,27.4,2.96,0,295,12.74
2024-09-04 20:07:38,27.9,3.43,86,823,78.11
2024-09-04 20:07:39,29,3.45,86,823,89.32
2024-09-04 20:07:40,28.3,3.46,86,823,89.81
2024-09-04 20:07:42,28.6,3.46,87,823,88.32
2024-09-04 20:07:43,25,3.46,86,823,91.44
2024-09-04 20:07:44,27.4,3.46,87,823,86.88
2024-09-04 20:07:46,27.4,3.46,85,823,91.36
2024-09-04 20:07:47,27.4,3.46,87,823,88.81
2024-09-04 20:07:49,27.9,3.46,88,823,90.19
2024-09-04 20:07:50,27.4,3.47,86,823,91.38
2024-09-04 20:07:51,29,3.47,84,823,86.00
2024-09-04 20:07:53,27.4,3.46,85,823,87.91
2024-09-04 20:07:54,27.4,3.46,88,823,89.20
2024-09-04 20:07:56,30.2,3.46,84,823,89.85
2024-09-04 20:07:57,26.2,3.47,86,823,89.51
2024-09-04 20:07:58,26.2,3.47,88,823,86.04
2024-09-04 20:08:00,28.6,3.47,88,823,89.26
2024-09-04 20:08:01,28.6,3.47,86,823,86.19
2024-09-04 20:08:02,27.4,3.47,87,823,90.67
2024-09-04 20:08:04,26.7,3.47,87,823,91.77
2024-09-04 20:08:05,29.7,3.47,88,823,87.43
2024-09-04 20:08:07,34.9,3.47,87,823,89.52
2024-09-04 20:08:08,27.4,3.48,88,823,89.99
2024-09-04 20:08:09,29,3.48,88,823,91.99
2024-09-04 20:08:11,39.1,3.48,87,823,87.58
2024-09-04 20:08:12,29.5,3.48,87,823,84.91
2024-09-04 20:08:13,30.6,3.48,84,823,89.31
2024-09-04 20:08:15,26.2,3.48,88,823,89.66
2024-09-04 20:08:16,26.2,3.48,85,823,91.47
2024-09-04 20:08:17,27.4,3.48,85,823,91.00
2024-09-04 20:08:19,27.4,3.46,86,823,89.60
2024-09-04 20:08:20,27.4,3.47,85,823,93.18
2024-09-04 20:08:22,28.6,3.47,87,823,92.04
2024-09-04 20:08:23,28.6,3.47,87,823,91.60
2024-09-04 20:08:24,27.4,3.47,87,823,93.99
2024-09-04 20:08:26,28.6,3.47,86,823,89.04
2024-09-04 20:08:27,27.4,3.47,87,823,90.78
2024-09-04 20:08:29,28.6,3.47,88,823,92.75
2024-09-04 20:08:30,27.4,3.47,86,823,88.99
2024-09-04 20:08:31,26.2,3.46,88,823,92.54
2024-09-04 20:08:33,28.6,3.46,86,823,89.07
2024-09-04 20:08:34,29.7,3.46,86,823,92.96
2024-09-04 20:08:35,27.4,3.46,85,823,93.55
2024-09-04 20:08:37,28.6,3.46,88,823,93.79
2024-09-04 20:08:38,27,3.46,86,823,90.19
2024-09-04 20:08:39,29.7,3.47,86,823,89.63
2024-09-04 20:08:41,32.3,3.47,86,823,93.02
2024-09-04 20:08:42,27.9,3.47,85,823,91.84
2024-09-04 20:08:44,27.4,3.47,86,823,90.65
2024-09-04 20:08:45,28.6,3.47,86,823,92.42
2024-09-04 20:08:46,53.2,3.51,10,335,68.73
2024-09-04 20:08:48,27.4,2.70,0,170,34.24
2024-09-04 20:08:49,26.2,2.81,0,170,31.77
2024-09-04 20:08:50,29,2.97,2,317,20.57
2024-09-04 20:08:52,27.4,3.43,23,607,32.81
2024-09-04 20:08:53,28.6,3.45,11,607,32.49
2024-09-04 20:08:55,28.6,3.46,13,607,32.92
2024-09-04 20:08:56,29.7,3.46,23,607,33.46
2024-09-04 20:08:57,30.2,3.46,14,607,32.75
2024-09-04 20:08:59,27.9,3.46,13,607,32.75
2024-09-04 20:09:00,28.1,2.48,0,170,29.71
2024-09-04 20:09:01,29.7,2.65,0,170,28.24
2024-09-04 20:09:03,27.4,2.78,0,170,21.11
2024-09-04 20:09:04,26.2,2.88,0,295,13.98
2024-09-04 20:09:06,28.6,3.41,28,453,32.99
2024-09-04 20:09:07,29,3.42,27,453,40.90
2024-09-04 20:09:08,29.7,3.44,27,453,41.44
2024-09-04 20:09:10,27.4,3.44,27,453,42.94
2024-09-04 20:09:11,38.1,3.44,48,1125,44.07
2024-09-04 20:09:12,30.6,2.49,85,1020,83.05
2024-09-04 20:09:14,30.6,2.49,86,1020,82.78
2024-09-04 20:09:15,29,2.50,86,1020,83.41
2024-09-04 20:09:17,29.7,2.51,77,1020,82.10
2024-09-04 20:09:18,27.9,2.51,87,1020,82.72
2024-09-04 20:09:19,30.2,2.51,87,1020,83.52
2024-09-04 20:09:21,26.2,2.51,87,1020,82.87
2024-09-04 20:09:22,26.2,2.51,79,1020,82.76
2024-09-04 20:09:23,27.9,2.51,87,1020,83.54
2024-09-04 20:09:25,29,2.51,87,1020,82.91
2024-09-04 20:09:26,30.2,2.49,88,1020,83.10
2024-09-04 20:09:28,29.5,2.49,87,1020,83.17
2024-09-04 20:09:29,30.2,2.50,86,1020,83.42
2024-09-04 20:09:30,27.9,2.50,86,1020,84.17
2024-09-04 20:09:32,30.2,2.50,87,1020,83.80
2024-09-04 20:09:33,30.8,2.50,86,1020,82.79
2024-09-04 20:09:34,30.2,2.48,86,1020,84.56
2024-09-04 20:09:36,27.4,2.49,89,1020,83.94
2024-09-04 20:09:37,28.6,2.49,87,1020,83.81
2024-09-04 20:09:39,27.9,2.49,88,1020,83.53
2024-09-04 20:09:40,28.6,2.51,87,1020,84.39
2024-09-04 20:09:41,27.9,2.51,88,1020,84.53
2024-09-04 20:09:43,29,2.51,87,1020,84.48
2024-09-04 20:09:44,29,2.51,88,1020,84.42
2024-09-04 20:09:46,29,2.51,87,1020,84.52
2024-09-04 20:09:47,30.2,2.51,88,1020,84.57
2024-09-04 20:09:48,28.6,2.51,87,1020,84.77
2024-09-04 20:09:50,26.7,2.51,86,1020,83.55
2024-09-04 20:09:51,27.9,2.51,86,1020,85.03
2024-09-04 20:09:52,29,2.51,86,1020,84.78
2024-09-04 20:09:54,27.9,2.51,86,1020,85.08
2024-09-04 20:09:55,27.4,2.51,87,1020,83.95
2024-09-04 20:09:56,29,2.51,86,1020,84.49
2024-09-04 20:09:58,27.9,2.51,86,1020,85.08
2024-09-04 20:09:59,29.5,2.51,87,1020,84.65
2024-09-04 20:10:01,29,2.49,87,1020,84.16
2024-09-04 20:10:02,29,2.49,87,1020,85.09
2024-09-04 20:10:03,27.9,2.49,88,1020,84.26
2024-09-04 20:10:05,29,2.49,86,1020,84.99
2024-09-04 20:10:06,29.7,2.60,0,172,39.15
2024-09-04 20:10:08,25,2.80,0,172,34.17
2024-09-04 20:10:09,30.2,2.93,0,172,29.50
2024-09-04 20:10:10,49.2,3.03,0,297,28.53
2024-09-04 20:10:12,27.4,3.61,8,849,30.21
2024-09-04 20:10:13,31.7,3.62,7,849,31.11
2024-09-04 20:10:14,30.2,3.63,8,849,31.24
2024-09-04 20:10:16,31.2,3.64,7,849,31.31
2024-09-04 20:10:17,29,3.64,15,849,31.88
2024-09-04 20:10:18,27.4,3.65,7,849,31.01
2024-09-04 20:10:20,6.2,2.63,11,172,30.65
2024-09-04 20:10:21,26.2,2.71,0,172,28.46
2024-09-04 20:10:23,28.6,2.92,0,172,25.97
2024-09-04 20:10:24,29.7,3.02,0,172,18.42
2024-09-04 20:10:25,25,3.58,86,1151,50.27
2024-09-04 20:10:27,28.6,3.59,88,1151,82.28
2024-09-04 20:10:28,28.6,3.59,87,1151,82.57
2024-09-04 20:10:29,29.5,3.60,88,1151,81.85
2024-09-04 20:10:31,27.9,3.60,87,1151,81.99
2024-09-04 20:10:32,27.9,3.59,88,1151,83.28
2024-09-04 20:10:34,28.6,3.59,89,1151,83.28
2024-09-04 20:10:35,27.9,3.58,89,1151,83.16
2024-09-04 20:10:36,30.2,3.59,85,1151,81.79
2024-09-04 20:10:38,28.6,3.59,87,1151,83.40
2024-09-04 20:10:39,28.6,3.59,86,1151,78.29
2024-09-04 20:10:40,27.9,3.59,88,1151,83.36
2024-09-04 20:10:42,30.2,3.59,83,1151,82.53
2024-09-04 20:10:43,27.4,3.60,90,1151,83.42
2024-09-04 20:10:45,31.7,3.60,86,1151,83.50
2024-09-04 20:10:46,27,3.60,86,1151,81.90
2024-09-04 20:10:47,27.9,3.58,84,1151,81.64
2024-09-04 20:10:49,30.2,3.59,88,1151,84.11
2024-09-04 20:10:50,27.4,3.60,87,1151,83.79
2024-09-04 20:10:51,29,3.60,90,1151,83.83
2024-09-04 20:10:53,30.2,3.60,84,1151,83.17
2024-09-04 20:10:54,26.2,3.60,87,1151,84.28
2024-09-04 20:10:56,27.9,3.60,87,1151,83.90
2024-09-04 20:10:57,29,3.60,88,1151,84.44
2024-09-04 20:10:58,28.6,3.60,87,1151,83.01
2024-09-04 20:11:00,30.2,3.60,87,1151,83.86
2024-09-04 20:11:01,26.7,3.60,89,1151,84.49
2024-09-04 20:11:03,27.4,3.60,88,1151,84.73
2024-09-04 20:11:04,29.7,3.60,87,1151,84.02
2024-09-04 20:11:05,27.4,3.60,88,1151,84.64
2024-09-04 20:11:07,30.2,3.60,88,1151,85.58
2024-09-04 20:11:08,28.6,3.59,87,1151,85.37
2024-09-04 20:11:09,28.6,3.60,87,1151,84.50
2024-09-04 20:11:11,27.4,3.60,88,1151,83.95
2024-09-04 20:11:12,30.8,3.60,89,1151,84.66
2024-09-04 20:11:13,28.6,3.60,87,1151,85.03
2024-09-04 20:11:15,30.2,3.60,87,1151,84.93
2024-09-04 20:11:16,28.6,3.60,85,1151,84.11
2024-09-04 20:11:18,27.9,3.60,88,1151,84.44
2024-09-04 20:11:19,27.9,3.60,88,1151,85.62
2024-09-04 20:11:20,28.6,3.60,88,1151,85.66
2024-09-04 20:11:22,26.2,2.66,0,172,35.74
2024-09-04 20:11:23,27,2.86,0,172,30.63
2024-09-04 20:11:24,24.6,2.97,0,172,24.16
2024-09-04 20:11:26,26.2,3.38,1,559,30.35
2024-09-04 20:11:27,27.9,3.57,38,559,41.57
2024-09-04 20:11:29,27.9,3.59,4,559,37.17
2024-09-04 20:11:30,27.9,3.60,12,559,42.62
2024-09-04 20:11:31,7.7,3.61,13,337,42.79
2024-09-04 20:11:33,27.9,2.63,2,172,33.59
2024-09-04 20:11:34,26.2,2.86,0,172,31.56
2024-09-04 20:11:35,28.6,2.96,0,172,20.45
2024-09-04 20:11:37,27.9,3.27,1,409,21.62
2024-09-04 20:11:38,27.4,3.60,5,421,34.89
2024-09-04 20:11:40,27.4,3.60,8,421,29.69
2024-09-04 20:11:41,26.2,3.60,6,421,29.87
2024-09-04 20:11:42,28.6,3.60,6,421,29.74
2024-09-04 20:11:44,30.2,3.61,6,421,29.76
2024-09-04 20:11:45,23,2.60,2,172,29.57
2024-09-04 20:11:46,26.2,2.78,0,172,28.15
2024-09-04 20:11:48,27.4,2.91,0,172,20.36
2024-09-04 20:11:49,27.9,3.02,0,297,13.82
2024-09-04 20:11:51,32.3,3.57,9,485,35.57
2024-09-04 20:11:52,27.4,3.58,9,609,32.14
2024-09-04 20:11:53,27.4,3.58,9,609,31.05
2024-09-04 20:11:55,1.6,2.61,2,172,30.01
2024-09-04 20:11:56,28.6,2.70,0,172,27.76
2024-09-04 20:11:57,26.2,2.90,0,172,19.59
2024-09-04 20:11:59,25.8,3.01,0,172,12.04
2024-09-04 20:12:00,29,3.59,6,423,24.21
2024-09-04 20:12:02,27.4,3.60,9,485,33.51
2024-09-04 20:12:03,28.6,3.61,9,485,29.94
2024-09-04 20:12:04,29,3.61,13,485,30.65
2024-09-04 20:12:06,27.9,3.61,9,485,30.43
2024-09-04 20:12:07,28.6,3.61,13,485,30.64
2024-09-04 20:12:08,27.4,3.62,9,337,30.42
2024-09-04 20:12:10,29,2.63,0,172,27.93
2024-09-04 20:12:11,28.6,2.86,0,172,26.49
2024-09-04 20:12:12,28.6,2.97,0,172,15.99
2024-09-04 20:12:14,55.6,3.28,1,837,20.68
2024-09-04 20:12:15,29.7,3.62,7,849,34.98
2024-09-04 20:12:17,31.2,3.61,8,849,29.92
2024-09-04 20:12:18,27.9,3.63,9,849,30.11
2024-09-04 20:12:19,29.7,2.63,0,172,27.97
2024-09-04 20:12:21,24.6,2.81,0,172,26.69
2024-09-04 20:12:22,30.2,2.94,0,172,20.13
2024-09-04 20:12:23,30.2,3.11,1,317,14.73
2024-09-04 20:12:25,26.7,3.59,87,825,81.18
2024-09-04 20:12:26,29,3.60,88,825,91.85
2024-09-04 20:12:28,27.4,3.60,83,825,89.86
2024-09-04 20:12:29,31.2,3.61,85,825,90.18
2024-09-04 20:12:30,27.4,3.61,85,825,87.91
2024-09-04 20:12:32,25,3.61,87,825,86.38
2024-09-04 20:12:33,27.4,3.61,87,825,89.16
2024-09-04 20:12:34,29,3.62,86,825,91.79
2024-09-04 20:12:36,28.6,3.62,84,825,88.10
2024-09-04 20:12:37,32.3,3.62,85,825,88.23
2024-09-04 20:12:39,31.2,3.62,86,825,88.94
2024-09-04 20:12:40,27.4,3.62,84,825,89.69
2024-09-04 20:12:41,28.6,3.62,87,825,87.81
2024-09-04 20:12:43,29,3.62,88,825,89.11
2024-09-04 20:12:44,29,3.62,86,825,92.51
2024-09-04 20:12:45,27.9,3.62,88,825,87.82
2024-09-04 20:12:47,26.2,3.62,85,825,89.84
2024-09-04 20:12:48,26.7,3.61,83,825,90.92
2024-09-04 20:12:50,27.9,3.62,87,825,87.15
2024-09-04 20:12:51,27.4,3.62,88,825,91.01
2024-09-04 20:12:52,29,3.62,86,825,88.57
2024-09-04 20:12:54,28.6,3.62,86,825,91.44
2024-09-04 20:12:55,28.6,3.62,86,825,90.92
2024-09-04 20:12:56,25,3.62,87,825,92.80
2024-09-04 20:12:58,27.4,3.62,86,825,93.93
2024-09-04 20:12:59,27.9,3.62,88,825,92.63
2024-09-04 20:13:00,28.6,3.60,87,825,93.49
2024-09-04 20:13:02,27.9,3.60,87,825,91.35
2024-09-04 20:13:03,29,3.60,87,825,92.46
2024-09-04 20:13:05,30.2,3.60,87,825,90.39
2024-09-04 20:13:06,29,3.61,86,825,91.24
2024-09-04 20:13:07,27.9,3.61,86,825,94.20
2024-09-04 20:13:09,26.2,3.60,87,825,93.33
2024-09-04 20:13:10,29,3.61,86,825,94.03
2024-09-04 20:13:11,28.6,3.61,86,825,94.63
2024-09-04 20:13:13,28.6,3.61,87,825,92.78
2024-09-04 20:13:14,29,3.61,87,825,92.68
2024-09-04 20:13:16,30.2,3.61,87,825,89.81
2024-09-04 20:13:17,31.2,3.61,88,825,91.49
2024-09-04 20:13:18,27,3.61,88,825,92.85
2024-09-04 20:13:20,27.4,3.61,86,825,94.15
2024-09-04 20:13:21,29,3.61,87,825,96.93
2024-09-04 20:13:22,29.2,3.61,88,825,95.97
2024-09-04 20:13:24,29,3.61,86,825,95.60
2024-09-04 20:13:25,27.9,3.61,85,825,95.50
2024-09-04 20:13:27,29,3.62,86,825,92.61
2024-09-04 20:13:28,28.6,3.62,88,825,91.40
2024-09-04 20:13:29,28.6,3.62,85,825,93.27
2024-09-04 20:13:31,30.2,3.62,86,825,90.56
2024-09-04 20:13:32,28.6,3.60,85,825,91.46
2024-09-04 20:13:33,28.1,2.61,0,172,34.82
2024-09-04 20:13:35,25.8,2.84,0,172,32.01
2024-09-04 20:13:36,27,2.95,0,172,16.71
2024-09-04 20:13:38,29,3.12,2,319,19.03
2024-09-04 20:13:39,27.4,3.57,21,609,39.01
2024-09-04 20:13:40,27.9,3.59,4,609,32.44
2024-09-04 20:13:42,27.9,3.60,23,609,32.66
2024-09-04 20:13:43,27.9,3.60,13,609,33.19
2024-09-04 20:13:44,31.7,3.60,13,609,32.61
2024-09-04 20:13:46,29.5,3.60,14,609,32.69
2024-09-04 20:13:47,26.2,2.60,0,172,29.48
2024-09-04 20:13:48,27.4,2.79,0,172,17.52
2024-09-04 20:13:50,28.6,2.94,0,172,14.60
2024-09-04 20:13:51,24.6,3.05,0,297,13.21
2024-09-04 20:13:53,27.9,3.58,28,455,39.20
2024-09-04 20:13:54,26.7,3.59,27,455,43.34
2024-09-04 20:13:55,29,3.61,28,455,41.07
2024-09-04 20:13:57,26.2,3.61,44,455,43.36
2024-09-04 20:13:58,29,3.61,37,1125,45.18
2024-09-04 20:13:59,30.6,2.62,86,1020,83.14
2024-09-04 20:14:01,27.9,2.62,86,1020,83.26
2024-09-04 20:14:02,27.4,2.61,87,1020,83.58
2024-09-04 20:14:04,27.9,2.61,79,1020,82.76
2024-09-04 20:14:05,31.2,2.62,86,1020,83.39
2024-09-04 20:14:06,26.7,2.63,86,1020,83.65
2024-09-04 20:14:08,29,2.63,87,1020,83.37
2024-09-04 20:14:09,29,2.58,87,1020,82.98
2024-09-04 20:14:10,27.4,2.58,87,1020,83.67
2024-09-04 20:14:12,29,2.59,89,1020,82.82
2024-09-04 20:14:13,30.6,2.59,86,1020,83.02
2024-09-04 20:14:15,29.5,2.59,88,1020,82.66
2024-09-04 20:14:16,28.6,2.59,86,1020,83.18
2024-09-04 20:14:17,29,2.58,86,1020,83.03
2024-09-04 20:14:19,52.5,2.58,86,1020,82.33
2024-09-04 20:14:20,30.2,2.59,87,1020,82.98
2024-09-04 20:14:21,26.7,2.60,86,1020,84.24
2024-09-04 20:14:23,28.6,2.60,86,1020,84.02
2024-09-04 20:14:24,30.2,2.60,87,1020,83.94
2024-09-04 20:14:26,27.9,2.61,87,1020,82.90
2024-09-04 20:14:27,27.4,2.61,87,1020,83.39
2024-09-04 20:14:28,29,2.61,87,1020,84.31
2024-09-04 20:14:30,28.3,2.61,85,1020,84.27
2024-09-04 20:14:31,29.7,2.61,86,1020,83.34
2024-09-04 20:14:32,29,2.61,86,1020,84.47
2024-09-04 20:14:34,27.9,2.61,88,1020,84.14
2024-09-04 20:14:35,27.9,2.61,90,1020,84.11
2024-09-04 20:14:37,31.2,2.61,87,1020,83.74
2024-09-04 20:14:38,26.2,2.60,88,1020,84.66
2024-09-04 20:14:39,28.3,2.60,87,1020,84.44
2024-09-04 20:14:41,29,2.61,88,1020,84.93
2024-09-04 20:14:42,27.4,2.61,86,1020,83.75
2024-09-04 20:14:43,29,2.61,88,1020,84.31
2024-09-04 20:14:45,30.2,2.61,87,1020,84.36
2024-09-04 20:14:46,30.6,2.61,87,1020,84.39
2024-09-04 20:14:48,26.7,2.61,87,1020,83.53
2024-09-04 20:14:49,28.6,2.61,87,1020,85.57
2024-09-04 20:14:50,29,2.60,88,1020,84.64
2024-09-04 20:14:52,29,2.61,87,1020,84.64
2024-09-04 20:14:53,27.9,2.67,0,172,47.06
2024-09-04 20:14:54,27.4,2.80,0,172,33.75
2024-09-04 20:14:56,27.4,2.99,0,172,29.27
2024-09-04 20:14:57,22.6,3.09,1,297,28.31
2024-09-04 20:14:58,27.4,3.65,7,849,30.04
2024-09-04 20:15:00,30.2,3.66,7,849,30.91
2024-09-04 20:15:01,27.9,3.68,7,849,30.92
2024-09-04 20:15:03,29,3.68,7,849,30.91
2024-09-04 20:15:04,28.6,3.68,15,849,31.69
2024-09-04 20:15:05,28.6,3.69,7,849,30.97
2024-09-04 20:15:07,3.2,2.69,0,172,30.43
2024-09-04 20:15:08,25.8,2.77,0,172,28.74
2024-09-04 20:15:10,28.6,2.95,0,172,27.71
2024-09-04 20:15:11,27.4,3.05,0,172,20.76
2024-09-04 20:15:12,27,3.65,74,1151,50.37
2024-09-04 20:15:14,29,3.65,89,1151,83.00
2024-09-04 20:15:15,30.6,3.67,89,1151,82.54
2024-09-04 20:15:16,27.4,3.67,84,1151,81.85
2024-09-04 20:15:18,28.6,3.68,85,1151,80.88
2024-09-04 20:15:19,28.3,3.68,87,1151,83.70
2024-09-04 20:15:20,26.2,3.68,87,1151,83.76
2024-09-04 20:15:22,29,3.69,88,1151,83.77
2024-09-04 20:15:23,27.9,3.69,79,1151,83.58
2024-09-04 20:15:25,27.4,3.69,87,1151,84.18
2024-09-04 20:15:26,28.6,3.69,90,1151,76.96
2024-09-04 20:15:27,29,3.68,88,1151,83.32
2024-09-04 20:15:29,26.7,3.68,86,1151,83.03
2024-09-04 20:15:30,29,3.68,87,1151,83.29
2024-09-04 20:15:31,28.6,3.67,86,1151,81.41
2024-09-04 20:15:33,31.2,3.67,86,1151,81.99
2024-09-04 20:15:34,27.4,3.67,87,1151,83.02
2024-09-04 20:15:36,27.9,3.67,87,1151,83.17
2024-09-04 20:15:37,29,3.66,87,1151,81.65
2024-09-04 20:15:38,27.4,3.67,85,1151,84.31
2024-09-04 20:15:40,28.6,3.67,89,1151,83.85
2024-09-04 20:15:41,27.4,3.67,90,1151,84.36
2024-09-04 20:15:43,27.4,3.67,88,1151,82.54
2024-09-04 20:15:44,28.6,3.67,88,1151,84.39
2024-09-04 20:15:45,27.9,3.67,84,1151,83.92
2024-09-04 20:15:47,31.2,3.67,86,1151,83.47
2024-09-04 20:15:48,28.6,3.67,88,1151,83.64
2024-09-04 20:15:49,26.2,3.67,85,1151,81.57
2024-09-04 20:15:51,26.2,3.66,88,1151,84.17
2024-09-04 20:15:52,27.4,3.67,87,1151,84.02
2024-09-04 20:15:54,26.2,3.67,86,1151,84.59
2024-09-04 20:15:55,27.4,3.68,88,1151,86.29
2024-09-04 20:15:56,30.2,3.68,88,1151,85.11
2024-09-04 20:15:58,26.7,3.68,87,1151,85.19
2024-09-04 20:15:59,30.2,3.68,84,1151,84.27
2024-09-04 20:16:00,27.9,3.68,88,1151,84.72
2024-09-04 20:16:02,26.7,3.68,87,1151,85.18
2024-09-04 20:16:03,29.7,3.68,86,1151,84.13
2024-09-04 20:16:04,28.6,3.68,90,1151,84.93
2024-09-04 20:16:06,28.6,3.68,88,1151,84.68
2024-09-04 20:16:07,26.2,3.68,88,1151,84.15
2024-09-04 20:16:09,30.2,2.68,0,172,51.72
2024-09-04 20:16:10,26.2,2.93,0,172,34.49
2024-09-04 20:16:11,25.8,3.02,0,172,24.14
2024-09-04 20:16:13,30.2,3.31,12,467,23.35
2024-09-04 20:16:14,29.5,3.62,60,559,37.33
2024-09-04 20:16:15,31.2,3.63,8,559,43.44
2024-09-04 20:16:17,29,3.64,12,559,44.14
2024-09-04 20:16:18,26.2,3.65,62,172,43.56
2024-09-04 20:16:20,25,2.67,0,172,35.85
2024-09-04 20:16:21,29,2.93,0,172,31.46
2024-09-04 20:16:22,50.8,3.02,0,172,15.10
2024-09-04 20:16:24,30.2,3.20,0,319,17.69
2024-09-04 20:16:25,29.7,3.65,8,421,35.00
2024-09-04 20:16:26,25,3.66,6,421,29.76
2024-09-04 20:16:28,26.2,3.66,6,421,29.91
2024-09-04 20:16:29,29,3.68,6,421,29.76
2024-09-04 20:16:31,28.3,3.68,6,421,30.01
2024-09-04 20:16:32,29,3.68,9,337,29.93
2024-09-04 20:16:33,26.2,2.78,0,172,28.06
2024-09-04 20:16:35,27.9,2.96,0,172,22.50
2024-09-04 20:16:36,24.6,3.06,0,186,11.16
2024-09-04 20:16:37,26.2,3.64,10,485,29.14
2024-09-04 20:16:39,29,3.66,9,609,30.94
2024-09-04 20:16:40,29,3.67,10,609,30.55
2024-09-04 20:16:42,12.9,2.88,10,172,30.62
2024-09-04 20:16:43,24.2,2.73,0,172,27.91
2024-09-04 20:16:44,24.6,2.91,0,172,15.62
2024-09-04 20:16:46,29,3.02,0,172,11.01
2024-09-04 20:16:47,26.2,3.57,3,423,20.88
2024-09-04 20:16:48,29,3.64,9,485,30.27
2024-09-04 20:16:50,26.2,3.65,10,485,29.90
2024-09-04 20:16:51,27.4,3.66,9,485,30.10
2024-09-04 20:16:53,30.2,3.66,9,485,30.18
2024-09-04 20:16:54,28.6,3.67,12,485,30.34
2024-09-04 20:16:55,27.4,3.67,9,485,30.19
2024-09-04 20:16:57,54,3.67,0,337,26.98
2024-09-04 20:16:58,26.2,2.93,0,172,27.08
2024-09-04 20:16:59,26.2,3.02,0,172,24.38
2024-09-04 20:17:01,30.6,3.20,1,579,16.61
2024-09-04 20:17:02,30.2,3.66,14,849,29.99
2024-09-04 20:17:03,28.6,3.66,8,849,29.61
2024-09-04 20:17:05,27.4,3.67,14,849,30.23
2024-09-04 20:17:06,54,3.67,0,337,28.03
2024-09-04 20:17:08,29.2,2.85,0,172,27.00
2024-09-04 20:17:09,26.2,2.99,0,172,25.92
2024-09-04 20:17:10,27.4,3.09,0,297,12.98
2024-09-04 20:17:12,29,3.64,85,827,70.28
2024-09-04 20:17:13,29.7,3.65,85,827,90.00
2024-09-04 20:17:14,25,3.65,85,827,88.60
2024-09-04 20:17:16,29,3.65,86,827,88.86
2024-09-04 20:17:17,29,3.66,88,827,88.91
2024-09-04 20:17:19,25.4,3.66,86,827,85.31
2024-09-04 20:17:20,29,3.66,86,827,90.31
2024-09-04 20:17:21,25.8,3.66,86,827,90.19
2024-09-04 20:17:23,27.4,3.66,86,827,88.31
2024-09-04 20:17:24,27.9,3.66,87,827,89.70
2024-09-04 20:17:25,27.4,3.67,86,827,87.36
2024-09-04 20:17:27,29,3.67,86,827,92.06
2024-09-04 20:17:28,27.4,3.67,86,827,83.86
2024-09-04 20:17:30,27.9,3.67,86,827,91.40
2024-09-04 20:17:31,30.2,3.67,87,827,92.24
2024-09-04 20:17:32,26.2,3.67,88,827,86.94
2024-09-04 20:17:34,27.4,3.67,85,827,87.58
2024-09-04 20:17:35,25.8,3.67,86,827,88.85
2024-09-04 20:17:36,29.7,3.67,86,827,89.29
2024-09-04 20:17:38,29.7,3.67,86,827,88.40
2024-09-04 20:17:39,28.6,3.67,85,827,87.14
2024-09-04 20:17:40,29,3.67,85,827,93.40
2024-09-04 20:17:42,29.5,3.66,85,827,91.14
2024-09-04 20:17:43,27.4,3.66,87,827,87.15
2024-09-04 20:17:45,32.3,3.67,86,827,91.57
2024-09-04 20:17:46,28.3,3.67,82,827,89.66
2024-09-04 20:17:47,28.6,3.67,86,827,89.34
2024-09-04 20:17:49,26.7,3.67,86,827,91.86
2024-09-04 20:17:50,30.2,3.67,87,827,90.55
2024-09-04 20:17:51,27.4,3.66,86,827,88.42
2024-09-04 20:17:53,28.6,3.66,82,827,91.48
2024-09-04 20:17:54,29.5,3.66,86,827,92.55
2024-09-04 20:17:56,27.9,3.66,85,827,88.80
2024-09-04 20:17:57,26.7,3.66,85,827,89.23
2024-09-04 20:17:58,29,3.67,84,827,88.75
2024-09-04 20:18:00,30.6,3.65,88,827,93.00
2024-09-04 20:18:01,27.4,3.65,85,827,91.34
2024-09-04 20:18:02,26.2,3.65,87,827,90.10
2024-09-04 20:18:04,30.6,3.65,85,827,87.31
2024-09-04 20:18:05,27.4,3.65,83,827,92.84
2024-09-04 20:18:06,27.4,3.65,85,827,89.65
2024-09-04 20:18:08,27.4,3.65,87,827,88.29
2024-09-04 20:18:09,27.9,3.65,86,827,90.52
2024-09-04 20:18:11,28.6,3.65,86,827,91.37
2024-09-04 20:18:12,27.4,3.65,87,827,91.61
2024-09-04 20:18:13,30.2,3.65,86,827,90.87
2024-09-04 20:18:15,31.7,3.65,87,827,89.26
2024-09-04 20:18:16,27.9,3.66,86,827,88.64
2024-09-04 20:18:18,27.9,3.66,87,827,89.09
2024-09-04 20:18:19,27.4,3.66,86,827,93.19
2024-09-04 20:18:20,27.4,3.66,84,827,92.19
2024-09-04 20:18:22,26.2,3.67,0,337,64.79
2024-09-04 20:18:23,28.6,2.73,0,172,33.65
2024-09-04 20:18:24,28.6,2.92,0,172,21.67
2024-09-04 20:18:26,24.6,3.03,0,172,18.11
2024-09-04 20:18:27,27.9,3.64,9,609,24.68
2024-09-04 20:18:29,30.2,3.64,14,609,36.26
2024-09-04 20:18:30,46.8,3.67,23,609,32.01
2024-09-04 20:18:31,29,3.65,14,609,33.35
2024-09-04 20:18:33,30.2,3.65,14,609,32.67
2024-09-04 20:18:34,27.9,3.65,13,609,32.63
2024-09-04 20:18:35,11.3,3.65,22,337,32.80
2024-09-04 20:18:37,26.2,2.67,0,172,27.85
2024-09-04 20:18:38,27.4,2.92,0,172,27.93
2024-09-04 20:18:40,27.4,3.02,0,172,20.96
2024-09-04 20:18:41,27.4,3.41,2,449,22.15
2024-09-04 20:18:42,26.7,3.63,55,455,37.15
2024-09-04 20:18:44,29,3.64,27,455,43.32
2024-09-04 20:18:45,31.2,3.65,27,455,43.27
2024-09-04 20:18:46,27.9,3.65,27,455,43.24
2024-09-04 20:18:48,38.1,2.66,5,194,38.15
2024-09-04 20:18:49,35.5,2.66,4,194,32.31
2024-09-04 20:18:50,31.6,2.66,5,194,28.96
2024-09-04 20:18:52,35.5,2.66,4,194,28.93
2024-09-04 20:18:53,33.3,2.66,5,194,28.99
2024-09-04 20:18:55,31,2.67,5,194,28.99
2024-09-04 20:18:56,40.3,2.67,5,172,28.92
2024-09-04 20:18:57,28.6,2.68,0,172,27.22
2024-09-04 20:18:59,26.2,2.89,0,172,27.14
2024-09-04 20:19:00,24.6,2.99,0,172,27.03
2024-09-04 20:19:02,31.7,3.40,1,849,27.50
2024-09-04 20:19:03,26.2,3.61,7,849,30.16
2024-09-04 20:19:04,29.5,3.61,8,849,30.51
2024-09-04 20:19:06,29.5,3.62,7,849,30.02
2024-09-04 20:19:07,29,3.63,13,849,30.07
2024-09-04 20:19:08,26.2,3.63,7,849,30.84
2024-09-04 20:19:10,28.6,3.63,7,849,29.91
2024-09-04 20:19:11,51.6,3.64,0,339,28.12
2024-09-04 20:19:13,27.4,2.83,0,172,27.07
2024-09-04 20:19:14,28.6,2.95,0,172,26.71
2024-09-04 20:19:15,26.2,3.10,0,297,16.01
2024-09-04 20:19:17,29.5,3.61,89,1153,58.62
2024-09-04 20:19:18,28.6,3.60,87,1153,79.90
2024-09-04 20:19:19,30.6,3.61,88,1153,81.00
2024-09-04 20:19:21,31.2,3.62,88,1153,82.84
2024-09-04 20:19:22,27.9,3.63,89,1153,81.53
2024-09-04 20:19:23,29,3.62,87,1153,82.90
2024-09-04 20:19:25,29,3.62,86,1153,82.18
2024-09-04 20:19:26,26.2,3.62,90,1153,82.77
2024-09-04 20:19:28,30.2,3.62,89,1153,81.19
2024-09-04 20:19:29,28.6,3.62,88,1153,80.90
2024-09-04 20:19:30,29,3.62,88,1153,76.01
2024-09-04 20:19:32,30.2,3.62,88,1153,82.72
2024-09-04 20:19:33,29,3.63,88,1153,82.17
2024-09-04 20:19:35,29,3.63,85,1153,82.22
2024-09-04 20:19:36,28.6,3.63,86,1153,82.02
2024-09-04 20:19:37,28.6,3.63,88,1153,83.49
2024-09-04 20:19:39,30.8,3.63,89,1153,83.45
2024-09-04 20:19:40,27.9,3.64,86,1153,82.59
2024-09-04 20:19:41,30.2,3.62,87,1153,82.50
2024-09-04 20:19:43,27.9,3.62,88,1153,82.37
2024-09-04 20:19:44,28.6,3.62,88,1153,81.49
2024-09-04 20:19:46,27.4,3.62,87,1153,82.67
2024-09-04 20:19:47,29,3.63,88,1153,82.73
2024-09-04 20:19:48,30.6,3.63,90,1153,82.75
2024-09-04 20:19:50,31.2,3.63,85,1153,82.33
2024-09-04 20:19:51,27.4,3.63,87,1153,81.90
2024-09-04 20:19:52,27.4,3.63,87,1153,83.24
2024-09-04 20:19:54,31.2,3.63,89,1153,83.26
2024-09-04 20:19:55,27.9,3.63,85,1153,82.29
2024-09-04 20:19:57,31.2,3.63,87,1153,82.75
2024-09-04 20:19:58,27.4,3.63,86,1153,84.07
2024-09-04 20:19:59,27.4,3.61,89,1153,83.41
2024-09-04 20:20:01,27.9,3.61,85,1153,82.02
2024-09-04 20:20:02,29,3.62,88,1153,84.13
2024-09-04 20:20:03,32.3,3.62,85,1153,84.61
2024-09-04 20:20:05,27.9,3.62,90,1153,84.04
2024-09-04 20:20:06,29,3.62,80,1153,83.61
2024-09-04 20:20:08,30.6,3.62,88,1153,82.96
2024-09-04 20:20:09,26.2,3.63,89,1153,83.95
2024-09-04 20:20:10,26.2,3.63,88,1153,83.20
2024-09-04 20:20:12,27.9,3.63,88,1153,84.23
2024-09-04 20:20:13,26.2,2.69,0,172,34.72
2024-09-04 20:20:14,28.6,2.86,0,172,30.71
2024-09-04 20:20:16,27,2.99,0,172,24.23
2024-09-04 20:20:17,30.2,3.58,8,559,32.14
2024-09-04 20:20:19,30.6,3.57,12,559,38.58
2024-09-04 20:20:20,27.9,3.59,12,559,41.70
2024-09-04 20:20:21,29,3.58,23,559,44.10
2024-09-04 20:20:23,1.6,2.60,0,172,41.19
2024-09-04 20:20:24,27.4,2.69,0,172,33.72
2024-09-04 20:20:25,26.2,2.86,0,172,20.81
2024-09-04 20:20:27,27.4,2.98,0,172,12.31
2024-09-04 20:20:28,27.4,3.55,4,421,29.05
2024-09-04 20:20:30,30.6,3.57,6,421,30.23
2024-09-04 20:20:31,31.7,3.57,6,421,29.87
2024-09-04 20:20:32,32.8,3.58,6,421,29.86
2024-09-04 20:20:34,55.7,3.58,8,421,30.17
2024-09-04 20:20:35,28.6,3.58,6,421,29.99
2024-09-04 20:20:36,1.6,2.61,0,172,29.19
2024-09-04 20:20:38,25.4,2.65,0,172,28.23
2024-09-04 20:20:39,26.2,2.85,0,172,17.05
2024-09-04 20:20:41,24.6,2.95,0,172,11.30
2024-09-04 20:20:42,29,3.41,1,485,20.39
2024-09-04 20:20:43,31.7,3.57,9,609,35.45
2024-09-04 20:20:45,30.2,3.58,10,609,30.11
2024-09-04 20:20:46,28.6,3.59,10,609,30.41
2024-09-04 20:20:47,28.6,2.64,0,172,27.70
2024-09-04 20:20:49,27.9,2.81,0,172,22.23
2024-09-04 20:20:50,25.8,2.91,0,172,17.27
2024-09-04 20:20:52,27.9,3.09,0,319,18.31
2024-09-04 20:20:53,27.4,3.55,12,485,35.29
2024-09-04 20:20:54,29,3.56,9,485,29.52
2024-09-04 20:20:56,30.2,3.56,9,485,30.06
2024-09-04 20:20:57,27.4,3.57,13,485,30.33
2024-09-04 20:20:58,27.4,3.57,9,485,29.96
2024-09-04 20:21:00,26.2,3.57,13,485,29.80
2024-09-04 20:21:01,54.7,3.57,0,337,27.75
2024-09-04 20:21:03,27.4,2.79,0,172,26.92
2024-09-04 20:21:04,27.9,2.92,0,172,26.67
2024-09-04 20:21:05,28.6,3.00,0,297,14.73
2024-09-04 20:21:07,29.5,3.56,8,849,34.18
2024-09-04 20:21:08,30.2,3.56,8,849,30.93
2024-09-04 20:21:09,28.3,3.56,8,849,30.46
2024-09-04 20:21:11,3.2,2.60,2,172,29.02
2024-09-04 20:21:12,27.4,2.67,0,172,27.59
2024-09-04 20:21:13,28.6,2.85,0,172,15.51
2024-09-04 20:21:15,26.2,2.97,0,172,11.47
2024-09-04 20:21:16,30.2,3.55,49,827,44.51
2024-09-04 20:21:18,35.5,3.56,85,827,84.70
2024-09-04 20:21:19,29,3.57,84,827,85.83
2024-09-04 20:21:20,28.6,3.58,86,827,85.99
2024-09-04 20:21:22,27.4,3.58,85,827,89.44
2024-09-04 20:21:23,26.2,3.58,86,827,88.16
2024-09-04 20:21:24,30.2,3.58,88,827,87.63
2024-09-04 20:21:26,27.4,3.58,88,827,88.51
2024-09-04 20:21:27,26.2,3.58,83,827,88.25
2024-09-04 20:21:29,27.9,3.58,85,827,86.54
2024-09-04 20:21:30,29,3.58,88,827,86.77
2024-09-04 20:21:31,30.2,3.58,86,827,84.48
2024-09-04 20:21:33,30.6,3.58,85,827,90.02
2024-09-04 20:21:34,26.2,3.58,85,827,88.28
2024-09-04 20:21:35,27.4,3.58,83,827,87.54
2024-09-04 20:21:37,25.4,3.58,85,827,88.98
2024-09-04 20:21:38,28.6,3.59,86,827,87.00
2024-09-04 20:21:40,25,3.59,86,827,89.76
2024-09-04 20:21:41,29.5,3.59,85,827,89.37
2024-09-04 20:21:42,27.4,3.59,86,827,88.89
2024-09-04 20:21:44,29.7,3.59,85,827,88.64
2024-09-04 20:21:45,29,3.59,82,827,85.04
2024-09-04 20:21:46,28.6,3.59,85,827,90.26
2024-09-04 20:21:48,29,3.59,87,827,88.04
2024-09-04 20:21:49,30.6,3.59,86,827,88.35
2024-09-04 20:21:51,30.2,3.59,86,827,87.44
2024-09-04 20:21:52,27.4,3.59,86,827,87.66
2024-09-04 20:21:53,28.6,3.59,85,827,89.19
2024-09-04 20:21:55,27.4,3.59,87,827,90.71
2024-09-04 20:21:56,26.2,3.59,89,827,91.48
2024-09-04 20:21:57,29,3.59,82,827,90.51
2024-09-04 20:21:59,31.7,3.59,86,827,91.71
2024-09-04 20:22:00,29.7,3.59,85,827,88.93
2024-09-04 20:22:02,28.6,3.59,82,827,89.93
2024-09-04 20:22:03,30.6,3.59,85,827,87.85
2024-09-04 20:22:04,30.2,3.59,84,827,86.49
2024-09-04 20:22:06,27.9,3.58,87,827,89.03
2024-09-04 20:22:07,27.4,3.58,88,827,87.68
2024-09-04 20:22:08,25,3.58,86,827,91.46
2024-09-04 20:22:10,29,3.58,85,827,87.07
2024-09-04 20:22:11,27.4,3.58,87,827,90.32
2024-09-04 20:22:12,27.9,3.58,86,827,90.25
2024-09-04 20:22:14,30.2,3.58,86,827,87.80
2024-09-04 20:22:15,28.6,3.58,84,827,89.52
2024-09-04 20:22:17,27.4,3.58,87,827,90.71
2024-09-04 20:22:18,30.2,3.58,86,827,88.75
2024-09-04 20:22:19,29.5,3.57,85,827,89.21
2024-09-04 20:22:21,30.2,3.57,85,827,85.78
2024-09-04 20:22:22,29,3.57,86,827,92.62
2024-09-04 20:22:23,28.6,3.58,86,827,90.64
2024-09-04 20:22:25,27.9,3.59,86,827,89.93
2024-09-04 20:22:26,28.6,3.59,84,827,91.18
2024-09-04 20:22:28,30.2,3.59,86,827,90.98
2024-09-04 20:22:29,27.4,2.68,0,172,34.91
2024-09-04 20:22:30,28.1,2.85,0,172,32.09
2024-09-04 20:22:32,24.2,2.95,0,172,24.92
2024-09-04 20:22:33,31.7,3.49,7,609,25.13
2024-09-04 20:22:34,30.6,3.55,13,609,32.84
2024-09-04 20:22:36,26.7,3.55,14,609,32.30
2024-09-04 20:22:37,26.7,3.56,23,609,33.12
2024-09-04 20:22:39,52.5,3.57,13,609,32.45
2024-09-04 20:22:40,27.4,3.58,14,609,32.99
2024-09-04 20:22:41,28.6,3.59,14,172,33.24
2024-09-04 20:22:43,34.4,2.64,0,172,28.98
2024-09-04 20:22:44,27.4,2.83,0,172,23.82
2024-09-04 20:22:45,26.2,2.94,0,172,12.60
2024-09-04 20:22:47,27.9,3.29,4,447,21.35
2024-09-04 20:22:48,31.2,3.57,52,453,41.85
2024-09-04 20:22:50,31.2,3.58,28,453,43.35
2024-09-04 20:22:51,29,3.58,28,453,43.38
2024-09-04 20:22:52,26.2,3.59,27,453,43.35
2024-09-04 20:22:54,36.5,2.61,10,216,39.49
2024-09-04 20:22:55,34.4,2.61,10,216,35.28
2024-09-04 20:22:56,36.1,2.61,11,216,31.11
2024-09-04 20:22:58,36.5,2.61,11,216,30.89
2024-09-04 20:22:59,36.5,2.61,11,216,30.91
2024-09-04 20:23:01,36.1,2.61,11,216,31.04
2024-09-04 20:23:02,32.2,2.61,11,216,31.03
2024-09-04 20:23:03,27.4,2.66,0,172,27.60
2024-09-04 20:23:05,28.3,2.88,0,172,27.21
2024-09-04 20:23:06,27,2.98,0,172,27.21
2024-09-04 20:23:07,28.6,3.36,1,847,27.34
2024-09-04 20:23:09,26.2,3.61,7,849,30.39
2024-09-04 20:23:10,28.6,3.61,15,849,30.61
2024-09-04 20:23:12,28.6,3.62,7,849,30.15
2024-09-04 20:23:13,28.6,3.62,15,849,30.91
2024-09-04 20:23:14,29,3.62,7,849,30.11
2024-09-04 20:23:16,26.7,3.62,7,849,30.08
2024-09-04 20:23:17,17.7,2.66,0,172,28.06
2024-09-04 20:23:18,27.9,2.82,0,172,26.94
2024-09-04 20:23:20,30.2,2.95,0,172,27.01
2024-09-04 20:23:21,27.4,3.06,0,187,17.37
2024-09-04 20:23:23,30.6,3.59,89,1155,58.63
2024-09-04 20:23:24,29,3.59,86,1155,81.68
2024-09-04 20:23:25,29,3.60,87,1155,81.96
2024-09-04 20:23:27,27.9,3.61,86,1155,80.42
2024-09-04 20:23:28,29,3.61,87,1155,79.51
2024-09-04 20:23:29,29,3.62,87,1155,81.46
2024-09-04 20:23:31,28.6,3.62,88,1155,81.27
2024-09-04 20:23:32,27.4,3.62,87,1155,81.67
2024-09-04 20:23:34,27.4,3.63,88,1155,81.74
2024-09-04 20:23:35,27.9,3.63,88,1155,83.03
2024-09-04 20:23:36,29,3.61,89,1155,76.75
2024-09-04 20:23:38,26.7,3.62,90,1155,83.60
2024-09-04 20:23:39,27.9,3.63,89,1155,82.16
2024-09-04 20:23:40,31.7,3.63,88,1155,82.26
2024-09-04 20:23:42,29,3.63,87,1155,83.23
2024-09-04 20:23:43,27.9,3.63,90,1155,83.27
2024-09-04 20:23:45,27.4,3.63,83,1155,82.37
2024-09-04 20:23:46,28.6,3.63,88,1155,84.13
2024-09-04 20:23:47,28.6,3.63,88,1155,83.19
2024-09-04 20:23:49,29,3.63,88,1155,82.87
2024-09-04 20:23:50,31.7,3.61,83,1155,81.37
2024-09-04 20:23:51,28.6,3.63,88,1155,82.04
2024-09-04 20:23:53,26.2,3.63,88,1155,80.57
2024-09-04 20:23:54,27.4,3.63,87,1155,83.24
2024-09-04 20:23:56,26.2,3.63,87,1155,83.35
2024-09-04 20:23:57,27.4,3.63,87,1155,83.53
2024-09-04 20:23:58,27.4,3.63,88,1155,84.21
2024-09-04 20:24:00,27.4,3.63,88,1155,83.93
2024-09-04 20:24:01,31.2,3.63,84,1155,80.27
2024-09-04 20:24:02,30.6,3.63,90,1155,85.13
2024-09-04 20:24:04,27.4,3.63,87,1155,83.08
2024-09-04 20:24:05,30.2,3.63,88,1155,82.71
2024-09-04 20:24:07,29,3.61,88,1155,83.43
2024-09-04 20:24:08,29,3.61,87,1155,82.60
2024-09-04 20:24:09,29.7,3.62,87,1155,84.87
2024-09-04 20:24:11,27.4,3.62,86,1155,82.57
2024-09-04 20:24:12,28.6,3.63,87,1155,82.57
2024-09-04 20:24:13,26.2,3.63,88,1155,84.35
2024-09-04 20:24:15,30.2,3.61,85,1155,83.94
2024-09-04 20:24:16,27.9,3.62,88,1155,85.57
2024-09-04 20:24:18,28.6,3.62,86,1155,83.34
2024-09-04 20:24:19,27.4,2.71,0,172,34.63
2024-09-04 20:24:20,29,2.90,0,172,32.19
2024-09-04 20:24:22,28.1,3.01,0,172,24.99
2024-09-04 20:24:23,36.1,3.59,31,559,31.36
2024-09-04 20:24:24,30.6,3.61,12,559,39.65
2024-09-04 20:24:26,25.4,3.62,12,559,43.47
2024-09-04 20:24:27,29,3.63,58,559,43.84
2024-09-04 20:24:29,3.2,2.67,2,172,41.95
2024-09-04 20:24:30,23,2.72,0,172,34.44
2024-09-04 20:24:31,27,2.92,0,172,22.02
2024-09-04 20:24:33,23.3,3.02,0,172,12.30
2024-09-04 20:24:34,30.2,3.61,6,421,28.52
2024-09-04 20:24:36,31.2,3.61,6,421,29.76
2024-09-04 20:24:37,31.2,3.63,6,421,29.56
2024-09-04 20:24:38,29,3.63,8,421,29.78
2024-09-04 20:24:40,34.4,3.63,8,421,29.76
2024-09-04 20:24:41,29.5,3.64,6,421,29.73
2024-09-04 20:24:42,53.2,2.67,0,172,29.11
2024-09-04 20:24:44,27.4,2.84,0,172,27.55
2024-09-04 20:24:45,26.2,2.97,0,172,17.94
2024-09-04 20:24:46,29.5,3.15,2,319,14.55
2024-09-04 20:24:48,32.8,3.60,10,609,30.45
2024-09-04 20:24:49,29,3.61,9,609,30.28
2024-09-04 20:24:51,29.5,3.63,10,609,30.99
2024-09-04 20:24:52,7.9,2.65,0,172,29.26
2024-09-04 20:24:53,31.7,2.76,0,172,27.93
2024-09-04 20:24:55,28.6,2.93,0,172,15.01
2024-09-04 20:24:56,28.1,3.04,0,186,11.23
2024-09-04 20:24:57,27.9,3.63,9,423,28.87
2024-09-04 20:24:59,30.6,3.64,11,485,30.53
2024-09-04 20:25:00,29,3.64,9,485,30.26
2024-09-04 20:25:02,29.5,3.64,9,485,30.28
2024-09-04 20:25:03,27.9,3.65,13,485,30.52
2024-09-04 20:25:04,30.2,3.65,9,485,30.16
2024-09-04 20:25:06,3.2,2.66,9,172,29.82
2024-09-04 20:25:07,29,2.72,0,172,27.66
2024-09-04 20:25:08,29,2.89,0,172,14.93
2024-09-04 20:25:10,27.4,3.01,0,172,11.06
2024-09-04 20:25:11,27.9,3.61,5,849,21.28
2024-09-04 20:25:13,31.7,3.62,8,849,30.31
2024-09-04 20:25:14,29,3.62,14,849,29.94
2024-09-04 20:25:15,30.2,3.62,8,172,30.44
2024-09-04 20:25:17,29,2.67,0,172,27.80
2024-09-04 20:25:18,26.2,2.89,0,172,19.70
2024-09-04 20:25:19,27.9,2.98,0,172,11.56
2024-09-04 20:25:21,29,3.30,1,455,18.32
2024-09-04 20:25:22,29.5,3.61,89,827,86.75
2024-09-04 20:25:24,31.1,3.62,85,827,85.41
2024-09-04 20:25:25,27.4,3.63,88,827,86.46
2024-09-04 20:25:26,28.6,3.63,85,827,86.24
2024-09-04 20:25:28,27.9,3.63,86,827,86.82
2024-09-04 20:25:29,28.6,3.63,88,827,85.97
2024-09-04 20:25:30,29,3.65,86,827,87.93
2024-09-04 20:25:32,28.6,3.65,86,827,87.01
2024-09-04 20:25:33,27.4,3.64,88,827,88.28
2024-09-04 20:25:35,29,3.66,88,827,88.42
2024-09-04 20:25:36,31.2,3.66,88,827,87.42
2024-09-04 20:25:37,31.7,3.64,87,827,87.54
2024-09-04 20:25:39,30.6,3.64,86,827,82.33
2024-09-04 20:25:40,27.9,3.64,86,827,86.07
2024-09-04 20:25:41,29,3.64,86,827,88.56
2024-09-04 20:25:43,29,3.64,82,827,85.67
2024-09-04 20:25:44,27.4,3.64,87,827,87.44
2024-09-04 20:25:46,27.4,3.64,87,827,88.32
2024-09-04 20:25:47,28.6,3.64,86,827,87.49
2024-09-04 20:25:48,26.2,3.64,86,827,89.70
2024-09-04 20:25:50,27.9,3.64,84,827,85.55
2024-09-04 20:25:51,29,3.66,87,827,88.38
2024-09-04 20:25:53,29,3.66,88,827,88.38
2024-09-04 20:25:54,30.6,3.66,85,827,89.36
2024-09-04 20:25:55,29,3.66,87,827,89.84
2024-09-04 20:25:57,27.9,3.66,88,827,85.51
2024-09-04 20:25:58,31.2,3.66,86,827,88.67
2024-09-04 20:25:59,27.9,3.66,85,827,88.05
2024-09-04 20:26:01,31.7,3.66,87,827,89.12
2024-09-04 20:26:02,27.9,3.66,88,827,90.15
2024-09-04 20:26:04,30.2,3.66,85,827,89.29
2024-09-04 20:26:05,30.2,3.66,87,827,87.86
2024-09-04 20:26:06,30.2,3.66,84,827,89.54
2024-09-04 20:26:08,27.9,3.66,88,827,88.60
2024-09-04 20:26:09,29.5,3.66,88,827,90.31
2024-09-04 20:26:10,26.2,3.66,87,827,89.33
2024-09-04 20:26:12,26.2,3.66,87,827,88.08
2024-09-04 20:26:13,28.6,3.66,85,827,89.96
2024-09-04 20:26:15,29.5,3.66,85,827,91.82
2024-09-04 20:26:16,26.2,3.66,85,827,90.35
2024-09-04 20:26:17,28.6,3.66,85,827,90.70
2024-09-04 20:26:19,29,3.66,83,827,84.54
2024-09-04 20:26:20,28.6,3.66,87,827,89.39
2024-09-04 20:26:21,27.9,3.66,87,827,90.49
2024-09-04 20:26:23,31.2,3.66,86,827,91.14
2024-09-04 20:26:24,31.7,3.66,86,827,91.14
2024-09-04 20:26:25,27.9,3.66,86,827,92.13
2024-09-04 20:26:27,28.6,3.66,88,827,89.15
2024-09-04 20:26:28,27.4,3.66,85,827,88.85
2024-09-04 20:26:30,29,3.66,86,827,90.99
2024-09-04 20:26:31,26.7,3.66,86,827,89.66
2024-09-04 20:26:32,29,3.64,84,827,91.07
2024-09-04 20:26:34,29.7,2.65,0,172,52.79
2024-09-04 20:26:35,30.8,2.89,0,172,30.48
2024-09-04 20:26:36,27.9,2.99,0,172,18.23
2024-09-04 20:26:38,31.7,3.21,1,597,19.88
2024-09-04 20:26:39,27.9,3.59,13,609,33.06
2024-09-04 20:26:41,30.2,3.60,13,609,33.24
2024-09-04 20:26:42,28.6,3.61,13,609,32.90
2024-09-04 20:26:43,27.9,3.61,14,609,32.78
2024-09-04 20:26:45,27.9,3.62,18,609,33.26
2024-09-04 20:26:46,54.5,3.63,12,609,32.52
2024-09-04 20:26:47,51.7,3.65,0,337,29.21
2024-09-04 20:26:49,26.2,2.85,0,172,28.27
2024-09-04 20:26:50,27.4,2.98,0,172,24.51
2024-09-04 20:26:52,29,3.16,0,339,18.62
2024-09-04 20:26:53,29.5,3.60,28,453,34.33
2024-09-04 20:26:54,30.2,3.61,55,453,43.27
2024-09-04 20:26:56,29,3.61,34,453,42.27
2024-09-04 20:26:57,30.6,3.61,44,453,43.42
2024-09-04 20:26:58,47.5,3.62,85,1193,53.37
2024-09-04 20:27:00,30.2,2.66,88,1028,82.29
2024-09-04 20:27:01,30.2,2.67,87,1028,83.39
2024-09-04 20:27:03,29,2.67,86,1028,83.51
2024-09-04 20:27:04,29.5,2.67,88,1028,82.72
2024-09-04 20:27:05,27.9,2.67,89,1028,83.23
2024-09-04 20:27:07,29,2.63,88,1028,83.02
2024-09-04 20:27:08,30.6,2.63,90,1028,83.57
2024-09-04 20:27:09,29,2.63,86,1028,82.97
2024-09-04 20:27:11,29,2.63,88,1028,83.51
2024-09-04 20:27:12,27.9,2.63,86,1028,82.56
2024-09-04 20:27:14,27.9,2.63,88,1028,82.32
2024-09-04 20:27:15,27.9,2.63,87,1028,81.10
2024-09-04 20:27:16,29,2.63,86,1028,83.42
2024-09-04 20:27:18,30.2,2.63,86,1028,83.33
2024-09-04 20:27:19,27.9,2.63,88,1028,82.68
2024-09-04 20:27:20,29,2.63,87,1028,82.24
2024-09-04 20:27:22,29.5,2.63,87,1028,83.57
2024-09-04 20:27:23,29.5,2.63,85,1028,83.11
2024-09-04 20:27:24,30.2,2.63,87,1028,83.51
2024-09-04 20:27:26,29.5,2.63,86,1028,82.34
2024-09-04 20:27:27,27.9,2.63,87,1028,83.44
2024-09-04 20:27:29,30.2,2.63,88,1028,83.03
2024-09-04 20:27:30,27.9,2.63,86,1028,82.91
2024-09-04 20:27:31,30.2,2.62,86,1028,82.57
2024-09-04 20:27:33,26.7,2.61,88,1028,83.48
2024-09-04 20:27:34,29,2.62,88,1028,83.51
2024-09-04 20:27:35,27.9,2.62,86,1028,83.49
2024-09-04 20:27:37,27.9,2.62,87,1028,82.94
2024-09-04 20:27:38,30.6,2.62,86,1028,83.21
2024-09-04 20:27:40,30.6,2.62,89,1028,83.38
2024-09-04 20:27:41,27.9,2.62,89,1028,83.52
2024-09-04 20:27:42,29,2.62,88,1028,82.98
2024-09-04 20:27:44,31.7,2.62,87,1028,83.98
2024-09-04 20:27:45,29,2.62,88,1028,83.60
2024-09-04 20:27:47,27.4,2.62,88,1028,83.78
2024-09-04 20:27:48,30.6,2.62,87,1028,83.07
2024-09-04 20:27:49,29,2.61,86,1028,83.51
2024-09-04 20:27:51,30.2,2.61,87,1028,84.00
2024-09-04 20:27:52,29,2.61,87,1028,83.44
2024-09-04 20:27:53,32.3,2.68,0,172,50.63
2024-09-04 20:27:55,29,2.80,0,172,33.49
2024-09-04 20:27:56,29.7,2.99,0,172,29.31
2024-09-04 20:27:58,29.7,3.10,0,172,28.43
2024-09-04 20:27:59,30.2,3.69,7,849,29.91
2024-09-04 20:28:00,30.2,3.70,12,849,31.98
2024-09-04 20:28:02,30.2,3.71,7,849,31.15
2024-09-04 20:28:03,31.2,3.70,15,849,32.06
2024-09-04 20:28:04,26.2,3.72,8,849,31.23
2024-09-04 20:28:06,30.6,3.72,7,849,31.11
2024-09-04 20:28:07,37.1,3.72,17,172,31.96
2024-09-04 20:28:08,28.6,2.86,0,172,29.27
2024-09-04 20:28:10,29,3.00,0,172,27.95
2024-09-04 20:28:11,27.4,3.11,0,187,13.98
2024-09-04 20:28:13,30.2,3.67,88,1159,62.42
2024-09-04 20:28:14,29,3.67,87,1159,82.37
2024-09-04 20:28:15,30.2,3.68,89,1159,81.98
2024-09-04 20:28:17,29.7,3.69,88,1159,80.97
2024-09-04 20:28:18,27.4,3.69,84,1159,83.53
2024-09-04 20:28:19,28.6,3.70,88,1159,81.18
2024-09-04 20:28:21,28.6,3.70,88,1159,82.82
2024-09-04 20:28:22,28.6,3.70,87,1159,81.66
2024-09-04 20:28:24,29,3.71,76,1159,80.00
2024-09-04 20:28:25,30.6,3.71,86,1159,80.95
2024-09-04 20:28:26,27.4,3.71,33,1159,75.13
2024-09-04 20:28:28,29,3.71,85,1159,79.87
2024-09-04 20:28:29,27.4,3.71,87,1159,81.81
2024-09-04 20:28:30,29,3.69,86,1159,82.30
2024-09-04 20:28:32,29,3.71,87,1159,82.61
2024-09-04 20:28:33,27.9,3.71,88,1159,82.79
2024-09-04 20:28:35,29.5,3.70,88,1159,81.66
2024-09-04 20:28:36,27.9,3.70,87,1159,81.05
2024-09-04 20:28:37,29,3.70,88,1159,82.65
2024-09-04 20:28:39,29.5,3.71,87,1159,81.93
2024-09-04 20:28:40,31.2,3.71,90,1159,82.67
2024-09-04 20:28:41,29,3.71,89,1159,81.53
2024-09-04 20:28:43,29,3.71,85,1159,80.93
2024-09-04 20:28:44,29,3.71,82,1159,81.26
2024-09-04 20:28:45,31.2,3.69,84,1159,81.87
2024-09-04 20:28:47,28.6,3.70,89,1159,82.74
2024-09-04 20:28:48,29,3.70,88,1159,83.11
2024-09-04 20:28:50,54,3.70,88,1159,82.56
2024-09-04 20:28:51,27.4,3.68,87,1159,82.30
2024-09-04 20:28:52,27.4,3.69,85,1159,81.90
2024-09-04 20:28:54,29.5,3.68,88,1159,82.26
2024-09-04 20:28:55,27.9,3.68,87,1159,82.99
2024-09-04 20:28:56,28.6,3.68,85,1159,81.83
2024-09-04 20:28:58,27.4,3.69,80,1159,81.86
2024-09-04 20:28:59,29,3.69,88,1159,81.65
2024-09-04 20:29:01,27.9,3.70,87,1159,82.56
2024-09-04 20:29:02,31.2,3.70,89,1159,81.99
2024-09-04 20:29:03,30.6,3.70,88,1159,82.72
2024-09-04 20:29:05,28.3,3.70,88,1159,82.77
2024-09-04 20:29:06,29,3.68,89,1159,82.03
2024-09-04 20:29:07,30.6,3.69,89,1159,83.14
2024-09-04 20:29:09,31.7,3.69,86,1159,81.42
2024-09-04 20:29:10,26.7,2.70,0,172,38.47
2024-09-04 20:29:12,25.8,2.89,0,172,30.53
2024-09-04 20:29:13,27.4,3.01,0,172,24.20
2024-09-04 20:29:14,25.8,3.11,0,297,18.06
2024-09-04 20:29:16,29.5,3.65,12,559,40.31
2024-09-04 20:29:17,27.9,3.67,12,559,47.45
2024-09-04 20:29:18,29,3.68,57,559,44.39
2024-09-04 20:29:20,29.7,3.69,12,559,44.36
2024-09-04 20:29:21,24.6,2.70,0,172,39.96
2024-09-04 20:29:23,28.6,2.87,0,172,31.42
2024-09-04 20:29:24,29,3.01,0,172,21.92
2024-09-04 20:29:25,23,3.12,0,195,11.63
2024-09-04 20:29:27,27.4,3.69,5,421,33.58
2024-09-04 20:29:28,27.4,3.69,5,421,30.96
2024-09-04 20:29:29,27.9,3.69,8,421,29.72
2024-09-04 20:29:31,28.3,3.70,6,421,29.60
2024-09-04 20:29:32,30.2,3.70,6,421,29.73
2024-09-04 20:29:33,28.6,3.70,6,421,29.85
2024-09-04 20:29:35,29,2.75,0,172,28.32
2024-09-04 20:29:36,27.4,2.95,0,172,25.09
2024-09-04 20:29:38,23.3,3.04,0,172,18.66
2024-09-04 20:29:39,32.3,3.50,1,485,19.84
2024-09-04 20:29:40,27.4,3.67,9,609,34.70
2024-09-04 20:29:42,29,3.68,10,609,29.98
2024-09-04 20:29:43,31.2,3.69,9,609,30.52
2024-09-04 20:29:44,29.5,2.73,0,172,28.03
2024-09-04 20:29:46,27.4,2.91,0,172,19.58
2024-09-04 20:29:47,28.6,3.02,0,172,15.50
2024-09-04 20:29:49,29,3.20,1,319,17.37
2024-09-04 20:29:50,27.4,3.66,12,485,35.19
2024-09-04 20:29:51,29,3.66,9,485,29.75
2024-09-04 20:29:53,32.3,3.68,9,485,30.13
2024-09-04 20:29:54,29.5,3.68,9,485,30.26
2024-09-04 20:29:55,31.2,3.69,9,485,29.99
2024-09-04 20:29:57,28.6,3.69,13,485,30.27
2024-09-04 20:29:58,29.7,2.69,0,172,28.24
2024-09-04 20:30:00,28.6,2.87,0,172,19.78
2024-09-04 20:30:01,29,3.00,0,172,15.62
2024-09-04 20:30:02,27.4,3.11,0,195,11.05
2024-09-04 20:30:04,29.5,3.68,8,849,34.34
2024-09-04 20:30:05,29,3.69,13,849,31.14
2024-09-04 20:30:06,29,3.69,8,849,29.99
2024-09-04 20:30:08,3.3,2.69,16,172,29.45
2024-09-04 20:30:09,27.4,2.78,0,172,27.69
2024-09-04 20:30:10,29,2.96,0,172,16.38
2024-09-04 20:30:12,24.6,3.07,0,172,11.56
2024-09-04 20:30:13,27.4,3.59,39,827,22.24
2024-09-04 20:30:15,31.7,3.67,87,827,89.16
2024-09-04 20:30:16,27.4,3.68,88,827,87.39
2024-09-04 20:30:17,26.2,3.69,85,827,86.28
2024-09-04 20:30:19,32.3,3.69,85,827,87.80
2024-09-04 20:30:20,27.4,3.69,85,827,86.74
2024-09-04 20:30:21,28.6,3.69,86,827,89.32
2024-09-04 20:30:23,32.8,3.70,86,827,88.45
2024-09-04 20:30:24,27.9,3.70,84,827,89.43
2024-09-04 20:30:26,27.9,3.70,87,827,88.00
2024-09-04 20:30:27,28.6,3.70,87,827,87.39
2024-09-04 20:30:28,27.4,3.70,85,827,85.54
2024-09-04 20:30:30,27.9,3.70,87,827,89.74
2024-09-04 20:30:31,27.4,3.70,87,827,87.89
2024-09-04 20:30:32,29,3.69,86,827,87.52
2024-09-04 20:30:34,29,3.70,88,827,88.07
2024-09-04 20:30:35,29.5,3.70,86,827,85.83
2024-09-04 20:30:36,29.5,3.70,86,827,85.81
2024-09-04 20:30:38,27.9,3.70,88,827,88.65
2024-09-04 20:30:39,29,3.70,86,827,90.21
2024-09-04 20:30:41,29,3.70,85,827,88.30
2024-09-04 20:30:42,30.2,3.70,87,827,87.28
2024-09-04 20:30:43,28.1,3.70,87,827,90.58
2024-09-04 20:30:45,27.9,3.70,86,827,88.85
2024-09-04 20:30:46,29,3.70,85,827,90.34
2024-09-04 20:30:47,29,3.70,85,827,90.78
2024-09-04 20:30:49,29.7,3.70,81,827,86.88
2024-09-04 20:30:50,29,3.70,87,827,89.80
2024-09-04 20:30:52,31.7,3.70,87,827,91.11
2024-09-04 20:30:53,30.6,3.70,85,827,91.91
2024-09-04 20:30:54,53.2,3.70,85,827,91.55
2024-09-04 20:30:56,30.2,3.69,86,827,88.29
2024-09-04 20:30:57,26.2,3.69,83,827,89.87
2024-09-04 20:30:58,27.4,3.69,86,827,91.86
2024-09-04 20:31:00,28.6,3.69,85,827,93.82
2024-09-04 20:31:01,27.4,3.69,86,827,94.78
2024-09-04 20:31:03,30.2,3.69,83,827,88.53
2024-09-04 20:31:04,30.8,3.69,87,827,91.84
2024-09-04 20:31:05,28.6,3.69,87,827,92.04
2024-09-04 20:31:07,29,3.70,81,827,90.97
2024-09-04 20:31:08,29.5,3.68,83,827,90.38
2024-09-04 20:31:09,28.6,3.68,86,827,91.33
2024-09-04 20:31:11,27.4,3.68,87,827,91.48
2024-09-04 20:31:12,29,3.69,86,827,93.24
2024-09-04 20:31:14,30.2,3.69,88,827,92.36
2024-09-04 20:31:15,27.9,3.69,86,827,91.99
2024-09-04 20:31:16,30.2,3.70,88,827,93.90
2024-09-04 20:31:18,27.9,3.70,87,827,92.81
2024-09-04 20:31:19,28.6,3.70,84,827,90.15
2024-09-04 20:31:20,29,3.70,84,827,91.78
2024-09-04 20:31:22,27.4,3.70,85,827,90.27
2024-09-04 20:31:23,30.6,3.70,88,827,87.98
2024-09-04 20:31:25,28.6,2.69,0,172,46.05
2024-09-04 20:31:26,28.6,2.94,0,172,32.69
2024-09-04 20:31:27,27.4,3.04,0,172,26.20
2024-09-04 20:31:29,29,3.23,2,319,19.01
2024-09-04 20:31:30,29,3.66,23,609,32.49
2024-09-04 20:31:31,27.9,3.66,12,609,32.14
2024-09-04 20:31:33,31.7,3.67,14,609,32.54
2024-09-04 20:31:34,30.6,3.69,23,609,33.10
2024-09-04 20:31:36,29,3.69,13,609,32.56
2024-09-04 20:31:37,30.6,3.69,13,609,32.49
2024-09-04 20:31:38,53.2,3.69,0,337,28.80
2024-09-04 20:31:40,26.7,2.88,0,172,27.84
2024-09-04 20:31:41,30.8,3.01,0,172,19.47
2024-09-04 20:31:42,28.6,3.16,0,297,13.48
2024-09-04 20:31:44,29,3.68,28,453,32.78
2024-09-04 20:31:45,34.9,3.69,27,453,41.82
2024-09-04 20:31:46,31.7,3.70,27,453,41.15
2024-09-04 20:31:48,30.6,3.71,52,453,43.14
2024-09-04 20:31:49,38.7,3.72,5,381,41.76
2024-09-04 20:31:51,36.5,2.71,7,216,35.35
2024-09-04 20:31:52,39.7,2.71,8,216,29.86
2024-09-04 20:31:53,37.1,2.71,8,216,29.88
2024-09-04 20:31:55,35,2.71,8,216,29.89
2024-09-04 20:31:56,40,2.71,8,216,29.81
2024-09-04 20:31:57,36.5,2.71,8,216,29.71
2024-09-04 20:31:59,45.2,2.71,6,172,29.39
2024-09-04 20:32:00,6.2,2.69,0,172,27.91
2024-09-04 20:32:02,1.6,2.70,0,172,27.25
2024-09-04 20:32:03,3.2,2.70,0,172,27.22
2024-09-04 20:32:04,3.2,2.71,0,172,27.20
2024-09-04 20:32:06,3.2,2.71,0,172,27.08
2024-09-04 20:32:07,4.8,2.71,0,172,26.93
2024-09-04 20:32:09,6.2,2.71,0,172,26.81
2024-09-04 20:32:10,6.3,2.71,0,172,26.80
2024-09-04 20:32:11,4.8,2.71,0,172,26.89
2024-09-04 20:32:13,1.6,2.71,0,172,26.92
2024-09-04 20:32:14,6.2,2.71,0,172,26.91
2024-09-04 20:32:15,1.6,2.71,0,172,26.98
2024-09-04 20:32:17,4.8,2.71,0,172,21.92
2024-09-04 20:32:18,6.3,2.71,0,172,13.36
2024-09-04 20:32:20,4.8,2.71,0,172,9.77
2024-09-04 20:32:21,3.2,2.71,0,172,9.58
2024-09-04 20:32:22,4.8,2.71,0,172,9.48
2024-09-04 20:32:24,4.8,2.70,0,172,9.41
2024-09-04 20:32:25,1.6,2.70,0,172,9.52
2024-09-04 20:32:26,1.6,2.70,0,172,9.62
2024-09-04 20:32:28,4.8,2.71,0,172,9.53
2024-09-04 20:32:29,6.3,2.69,0,172,9.55
2024-09-04 20:32:31,3.2,2.70,0,172,9.47
2024-09-04 20:32:32,4.8,2.70,0,172,9.45
2024-09-04 20:32:33,1.6,2.70,0,172,9.49
2024-09-04 20:32:35,3.2,2.70,0,172,9.43
2024-09-04 20:32:36,4.9,2.70,0,172,9.40
2024-09-04 20:32:37,3.2,2.70,0,172,9.39
2024-09-04 20:32:39,4.8,2.71,0,172,9.28
2024-09-04 20:32:40,3.3,2.71,0,172,9.32
2024-09-04 20:32:42,1.6,2.71,0,172,9.31
