Time,CPU Usage (%),Used Memory (GB),GPU Usage (%),GPU Used Memory (GB),GPU Power (W)
2024-09-04 20:43:24,1.6,1.00,0,2,8.47
2024-09-04 20:43:25,100,1.00,0,2,8.55
2024-09-04 20:43:27,1.6,1.00,0,2,8.60
2024-09-04 20:43:28,100,1.00,0,2,8.62
2024-09-04 20:43:30,1.6,1.02,0,2,8.62
2024-09-04 20:43:31,1.6,1.02,0,2,8.59
2024-09-04 20:43:32,1.6,1.02,0,2,8.59
2024-09-04 20:43:34,1.6,1.02,0,2,8.62
2024-09-04 20:43:35,29.5,1.04,0,2,8.60
2024-09-04 20:43:36,29,1.08,0,2,8.60
2024-09-04 20:43:38,25.8,1.25,0,2,8.59
2024-09-04 20:43:39,25.8,1.36,0,2,8.56
2024-09-04 20:43:41,77.4,1.46,0,2,8.56
2024-09-04 20:43:42,100,1.79,0,2,8.51
2024-09-04 20:43:43,27.4,1.99,0,2,8.49
2024-09-04 20:43:45,26.2,2.19,0,2,8.60
2024-09-04 20:43:46,26.2,2.29,0,2,8.71
2024-09-04 20:43:47,28.6,2.77,2,220,21.75
2024-09-04 20:43:49,26.2,2.77,9,220,36.86
2024-09-04 20:43:50,29,2.78,10,220,30.80
2024-09-04 20:43:51,30.2,2.79,10,220,30.74
2024-09-04 20:43:53,29,2.79,10,2,30.85
2024-09-04 20:43:54,27.4,1.96,0,2,24.91
2024-09-04 20:43:56,26.2,2.16,0,2,16.74
2024-09-04 20:43:57,27.4,2.27,0,2,10.31
2024-09-04 20:43:58,52.4,2.57,1,182,15.17
2024-09-04 20:44:00,30.2,2.92,6,218,31.80
2024-09-04 20:44:01,31.2,2.92,6,218,26.40
2024-09-04 20:44:02,27.4,2.94,6,218,26.58
2024-09-04 20:44:04,29,2.94,6,218,26.63
2024-09-04 20:44:05,27.9,2.94,6,218,26.53
2024-09-04 20:44:07,28.6,2.94,6,218,26.76
2024-09-04 20:44:08,29,2.94,6,218,26.83
2024-09-04 20:44:09,27.4,2.94,6,218,26.85
2024-09-04 20:44:11,25.8,1.97,0,2,25.70
2024-09-04 20:44:12,25.8,2.12,0,2,16.81
2024-09-04 20:44:13,25.8,2.26,0,2,13.23
2024-09-04 20:44:15,29,2.36,0,5,8.82
2024-09-04 20:44:16,31.2,2.92,17,252,37.04
2024-09-04 20:44:17,29,2.94,18,252,39.69
2024-09-04 20:44:19,29.7,2.95,17,252,36.41
2024-09-04 20:44:20,29,2.96,18,252,36.17
2024-09-04 20:44:22,29,2.96,16,252,36.27
2024-09-04 20:44:23,27.4,2.96,18,166,36.51
2024-09-04 20:44:24,24.2,1.98,0,2,25.14
2024-09-04 20:44:26,26.2,2.19,0,2,18.59
2024-09-04 20:44:27,30.2,2.30,0,2,12.63
2024-09-04 20:44:28,28.6,2.82,2,192,17.24
2024-09-04 20:44:30,28.3,2.92,6,192,26.76
2024-09-04 20:44:31,28.6,2.92,6,192,26.70
2024-09-04 20:44:33,29.5,2.92,6,192,26.67
2024-09-04 20:44:34,28.3,2.93,6,192,26.66
2024-09-04 20:44:35,29.5,2.94,6,192,26.62
2024-09-04 20:44:37,26.2,2.95,7,192,26.67
2024-09-04 20:44:38,28.6,1.98,0,2,25.37
2024-09-04 20:44:39,27,2.18,0,2,15.92
2024-09-04 20:44:41,27.4,2.27,0,2,12.70
2024-09-04 20:44:42,29,2.48,2,150,13.46
2024-09-04 20:44:43,29.7,2.90,9,198,29.02
2024-09-04 20:44:45,26.2,2.91,9,198,29.01
2024-09-04 20:44:46,29,2.92,9,198,28.87
2024-09-04 20:44:48,26.2,2.92,9,198,28.94
2024-09-04 20:44:49,30.2,2.92,9,198,29.05
2024-09-04 20:44:50,24.2,2.00,0,2,26.21
2024-09-04 20:44:52,27.4,2.21,0,2,22.15
2024-09-04 20:44:53,27.4,2.31,0,2,16.82
2024-09-04 20:44:54,25.8,2.79,1,212,14.50
2024-09-04 20:44:56,26.2,2.79,6,212,26.60
2024-09-04 20:44:57,29,2.79,6,212,26.57
2024-09-04 20:44:59,28.6,2.81,6,212,26.50
2024-09-04 20:45:00,28.3,2.81,6,2,26.45
2024-09-04 20:45:01,27.4,1.99,0,2,25.41
2024-09-04 20:45:03,26.2,2.19,0,2,17.28
2024-09-04 20:45:04,29,2.29,0,2,10.00
2024-09-04 20:45:05,27.4,2.70,2,208,15.63
2024-09-04 20:45:07,28.6,2.92,7,208,33.71
2024-09-04 20:45:08,26.7,2.93,7,208,27.92
2024-09-04 20:45:09,29.7,2.95,7,208,27.85
2024-09-04 20:45:11,30.2,2.96,7,208,27.87
2024-09-04 20:45:12,27.4,2.96,8,208,28.12
2024-09-04 20:45:14,27.4,2.96,8,208,28.10
2024-09-04 20:45:15,27.4,1.96,0,2,26.34
2024-09-04 20:45:16,28.6,2.18,0,2,25.35
2024-09-04 20:45:18,27.4,2.27,0,2,17.53
2024-09-04 20:45:19,30.6,2.48,2,180,12.45
2024-09-04 20:45:20,28.6,2.80,6,218,26.90
2024-09-04 20:45:22,29.7,2.80,6,218,26.98
2024-09-04 20:45:23,28.6,2.79,6,218,26.91
2024-09-04 20:45:25,29,2.80,6,218,26.91
2024-09-04 20:45:26,27.4,2.80,6,218,27.03
2024-09-04 20:45:27,27.4,2.81,6,218,26.95
2024-09-04 20:45:29,29,2.81,6,218,27.04
2024-09-04 20:45:30,29,2.83,6,218,26.93
2024-09-04 20:45:31,24.6,2.00,0,2,25.60
2024-09-04 20:45:33,27.9,2.20,0,2,22.38
2024-09-04 20:45:34,27.4,2.31,0,2,16.58
2024-09-04 20:45:36,29,2.85,1,226,22.48
2024-09-04 20:45:37,28.6,2.93,11,226,39.16
2024-09-04 20:45:38,26.2,2.95,12,226,33.01
2024-09-04 20:45:40,29,2.95,12,226,32.94
2024-09-04 20:45:41,26.2,2.95,12,226,32.84
2024-09-04 20:45:42,26.2,2.96,12,226,32.90
2024-09-04 20:45:44,27.4,2.96,12,226,32.89
2024-09-04 20:45:45,29.7,2.96,12,226,33.00
2024-09-04 20:45:46,29,2.96,12,226,32.92
2024-09-04 20:45:48,29,2.00,0,2,28.75
2024-09-04 20:45:49,28.1,2.19,0,2,25.25
2024-09-04 20:45:51,27.9,2.29,0,2,18.45
2024-09-04 20:45:52,27,2.42,0,150,11.40
2024-09-04 20:45:53,27.4,2.93,9,228,38.54
2024-09-04 20:45:55,26.2,2.93,10,228,34.60
2024-09-04 20:45:56,28.6,2.94,11,228,33.31
2024-09-04 20:45:57,27.4,2.94,10,228,33.40
2024-09-04 20:45:59,27.4,2.94,11,228,33.37
2024-09-04 20:46:00,38.1,2.48,4,228,27.19
2024-09-04 20:46:02,40.3,2.49,7,228,28.85
2024-09-04 20:46:03,39.7,2.50,7,228,28.91
2024-09-04 20:46:04,54.8,2.51,7,228,28.72
2024-09-04 20:46:06,36.5,2.53,8,228,28.77
2024-09-04 20:46:07,39.7,2.53,8,228,28.87
2024-09-04 20:46:08,88.7,2.53,8,166,28.10
2024-09-04 20:46:10,29,2.68,0,166,25.46
2024-09-04 20:46:11,30.2,2.93,0,166,25.50
2024-09-04 20:46:13,28.6,3.02,0,166,25.49
2024-09-04 20:46:14,31.2,3.43,2,381,25.87
2024-09-04 20:46:15,27.4,3.49,10,381,31.63
2024-09-04 20:46:17,27.9,3.50,10,381,31.71
2024-09-04 20:46:18,29.5,3.51,10,381,31.61
2024-09-04 20:46:19,29.7,3.51,10,381,31.68
2024-09-04 20:46:21,38.7,3.18,0,166,25.73
2024-09-04 20:46:22,25.8,2.86,0,166,25.73
2024-09-04 20:46:23,29.7,2.99,0,166,25.51
2024-09-04 20:46:25,31.2,3.18,3,311,25.82
2024-09-04 20:46:26,29,3.59,6,379,27.57
2024-09-04 20:46:28,26.2,3.61,6,379,27.48
2024-09-04 20:46:29,29,3.62,6,379,27.40
2024-09-04 20:46:30,27.4,3.62,6,379,27.63
2024-09-04 20:46:32,29,3.62,6,379,27.72
2024-09-04 20:46:33,30.6,3.62,6,379,27.67
2024-09-04 20:46:34,27.4,3.62,6,379,27.72
2024-09-04 20:46:36,30.8,3.61,6,379,27.73
2024-09-04 20:46:37,1.6,2.65,5,166,27.17
2024-09-04 20:46:39,25.8,2.75,0,166,25.74
2024-09-04 20:46:40,26.2,2.93,0,166,12.67
2024-09-04 20:46:41,26.2,3.05,0,166,9.44
2024-09-04 20:46:43,27.4,3.60,17,413,35.12
2024-09-04 20:46:44,31.2,3.61,16,413,40.76
2024-09-04 20:46:45,28.6,3.62,18,413,36.15
2024-09-04 20:46:47,29,3.64,18,413,37.70
2024-09-04 20:46:48,30.2,3.64,18,413,37.92
2024-09-04 20:46:50,26.2,3.64,18,413,37.67
2024-09-04 20:46:51,51.6,3.66,0,327,27.60
2024-09-04 20:46:52,25.4,2.88,0,166,25.88
2024-09-04 20:46:54,28.1,2.98,0,166,24.32
2024-09-04 20:46:55,31.2,3.17,2,291,15.99
2024-09-04 20:46:56,28.6,3.63,6,353,27.41
2024-09-04 20:46:58,27.4,3.63,6,353,27.78
2024-09-04 20:46:59,29,3.63,6,353,27.51
2024-09-04 20:47:00,29,3.64,6,353,27.68
2024-09-04 20:47:02,32.3,3.65,6,353,27.66
2024-09-04 20:47:03,26.7,3.65,6,353,27.50
2024-09-04 20:47:05,29,2.72,4,166,27.38
2024-09-04 20:47:06,27.4,2.83,0,166,25.94
2024-09-04 20:47:07,27.4,2.97,0,166,23.35
2024-09-04 20:47:09,27,3.07,0,291,10.37
2024-09-04 20:47:10,30.2,3.60,8,359,33.75
2024-09-04 20:47:11,27.9,3.62,9,359,31.29
2024-09-04 20:47:13,27.4,3.62,8,359,29.12
2024-09-04 20:47:14,30.2,3.62,9,359,29.68
2024-09-04 20:47:16,30,3.63,9,359,29.74
2024-09-04 20:47:17,100,2.62,6,166,29.02
2024-09-04 20:47:18,29.7,2.65,0,166,25.68
2024-09-04 20:47:20,26.2,2.88,0,166,23.02
2024-09-04 20:47:21,27.4,2.98,0,166,12.30
2024-09-04 20:47:22,27.4,3.30,1,373,19.01
2024-09-04 20:47:24,26.2,3.44,6,373,31.91
2024-09-04 20:47:25,29,3.45,6,373,27.77
2024-09-04 20:47:26,30.2,3.46,6,373,27.67
2024-09-04 20:47:28,29,3.46,6,373,27.74
2024-09-04 20:47:29,29,2.63,0,166,26.26
2024-09-04 20:47:31,29,2.89,0,166,16.41
2024-09-04 20:47:32,27.4,2.99,0,166,13.18
2024-09-04 20:47:33,29,3.37,2,369,21.64
2024-09-04 20:47:35,29,3.57,7,369,33.74
2024-09-04 20:47:36,27.9,3.58,7,369,28.89
2024-09-04 20:47:37,29,3.58,8,369,28.64
2024-09-04 20:47:39,27.4,3.58,8,369,28.86
2024-09-04 20:47:40,27.4,3.58,7,369,29.00
2024-09-04 20:47:42,29,3.59,8,369,28.97
2024-09-04 20:47:43,27.4,2.64,2,166,28.03
2024-09-04 20:47:44,25,2.86,0,166,26.01
2024-09-04 20:47:46,27.4,2.97,0,166,16.99
2024-09-04 20:47:47,29,3.15,0,293,15.26
2024-09-04 20:47:48,26.2,3.44,6,379,33.20
2024-09-04 20:47:50,34.9,3.45,6,379,27.79
2024-09-04 20:47:51,28.3,3.45,6,379,27.47
2024-09-04 20:47:52,29.7,3.46,6,379,27.67
2024-09-04 20:47:54,30.2,3.46,6,379,27.79
2024-09-04 20:47:55,29,3.46,6,379,27.92
2024-09-04 20:47:57,28.6,3.44,6,379,27.85
2024-09-04 20:47:58,29,3.44,6,379,27.73
2024-09-04 20:47:59,24.2,2.67,0,166,26.43
2024-09-04 20:48:01,25.8,2.88,0,166,24.07
2024-09-04 20:48:02,27.4,2.98,0,166,17.90
2024-09-04 20:48:03,27.4,3.48,2,387,28.04
2024-09-04 20:48:05,29,3.57,11,387,39.62
2024-09-04 20:48:06,29.5,3.58,11,387,33.49
2024-09-04 20:48:08,52.4,3.59,11,387,32.18
2024-09-04 20:48:09,29,3.58,12,387,33.72
2024-09-04 20:48:10,27.4,3.58,12,387,33.65
2024-09-04 20:48:12,26.7,3.58,12,387,33.63
2024-09-04 20:48:13,29,3.59,12,387,33.59
2024-09-04 20:48:14,27.9,3.55,12,387,33.75
2024-09-04 20:48:16,27.4,2.63,0,166,30.26
2024-09-04 20:48:17,23,2.83,0,166,26.79
2024-09-04 20:48:18,27.4,2.94,0,166,18.70
2024-09-04 20:48:20,35.5,3.13,2,291,13.73
2024-09-04 20:48:21,26.2,3.58,9,389,39.18
2024-09-04 20:48:23,30.2,3.58,10,389,34.47
2024-09-04 20:48:24,29,3.56,11,389,34.30
2024-09-04 20:48:25,30.2,3.58,11,389,34.42
2024-09-04 20:48:27,30.6,3.58,11,389,34.50
2024-09-04 20:48:28,39.7,2.62,8,226,30.91
2024-09-04 20:48:29,37.1,2.62,8,226,29.09
2024-09-04 20:48:31,36.7,2.63,8,226,29.11
2024-09-04 20:48:32,38.1,2.64,8,226,28.98
2024-09-04 20:48:34,35,2.62,8,226,29.17
2024-09-04 20:48:35,37.7,2.63,8,226,29.11
2024-09-04 20:48:36,37.1,2.63,8,226,29.10
2024-09-04 20:48:38,40,2.63,8,226,29.02
2024-09-04 20:48:39,37.1,2.63,7,226,28.89
2024-09-04 20:48:40,36.5,2.63,7,226,29.01
2024-09-04 20:48:42,100,2.62,8,166,28.56
2024-09-04 20:48:43,27.4,2.72,0,166,26.33
2024-09-04 20:48:45,29,2.95,0,166,26.17
2024-09-04 20:48:46,27.4,3.05,0,166,26.20
2024-09-04 20:48:47,27.4,3.46,2,381,26.60
2024-09-04 20:48:49,29,3.54,10,381,32.57
2024-09-04 20:48:50,27.9,3.55,10,381,31.74
2024-09-04 20:48:51,27.9,3.54,10,381,32.51
2024-09-04 20:48:53,27.4,3.54,10,381,32.48
2024-09-04 20:48:54,30.2,2.71,0,166,26.78
2024-09-04 20:48:56,26.2,2.96,0,166,26.10
2024-09-04 20:48:57,28.6,3.05,0,166,26.17
2024-09-04 20:48:58,29,3.50,2,379,26.61
2024-09-04 20:49:00,30.2,3.66,6,379,28.32
2024-09-04 20:49:01,29,3.67,6,379,28.08
2024-09-04 20:49:02,29,3.68,6,379,28.31
2024-09-04 20:49:04,26.2,3.68,6,379,28.38
2024-09-04 20:49:05,27.9,3.68,6,379,28.24
2024-09-04 20:49:07,30.6,3.68,6,379,28.25
2024-09-04 20:49:08,27.4,3.67,6,379,28.27
2024-09-04 20:49:09,27.4,3.67,7,379,28.22
2024-09-04 20:49:11,28.6,2.71,0,166,27.06
2024-09-04 20:49:12,26.2,2.89,0,166,19.09
2024-09-04 20:49:13,27.9,3.02,0,166,15.14
2024-09-04 20:49:15,26.2,3.13,0,291,10.59
2024-09-04 20:49:16,27.9,3.65,18,413,34.22
2024-09-04 20:49:17,27.9,3.66,18,413,37.00
2024-09-04 20:49:19,30.2,3.67,16,413,38.13
2024-09-04 20:49:20,30.2,3.67,17,413,38.24
2024-09-04 20:49:22,27.9,3.67,17,413,38.47
2024-09-04 20:49:23,28.3,3.68,18,413,39.96
2024-09-04 20:49:24,24.6,2.76,0,166,26.96
2024-09-04 20:49:26,27,2.95,0,166,26.84
2024-09-04 20:49:27,26.2,3.04,0,166,21.46
2024-09-04 20:49:28,29,3.57,1,353,27.29
2024-09-04 20:49:30,26.7,3.68,6,353,32.37
2024-09-04 20:49:31,30.2,3.68,6,353,28.44
2024-09-04 20:49:33,27.4,3.69,6,353,28.52
2024-09-04 20:49:34,29,3.69,6,353,28.42
2024-09-04 20:49:35,26.7,3.69,6,353,28.37
2024-09-04 20:49:37,30.2,3.70,6,353,28.39
2024-09-04 20:49:38,29,2.69,0,166,27.33
2024-09-04 20:49:39,28.6,2.94,0,166,25.34
2024-09-04 20:49:41,25.8,3.05,0,166,18.77
2024-09-04 20:49:42,30.2,3.23,1,311,16.18
2024-09-04 20:49:43,30.2,3.65,8,359,36.13
2024-09-04 20:49:45,26.2,3.66,9,359,29.58
2024-09-04 20:49:46,29.7,3.66,9,359,30.27
2024-09-04 20:49:48,28.6,3.67,9,359,30.18
2024-09-04 20:49:49,30.8,3.67,9,359,30.16
2024-09-04 20:49:50,1.6,2.68,0,166,27.18
2024-09-04 20:49:52,26.2,2.79,0,166,24.70
2024-09-04 20:49:53,27.9,2.99,0,166,19.53
2024-09-04 20:49:54,27,3.09,0,166,12.53
2024-09-04 20:49:56,29,3.53,6,373,32.31
2024-09-04 20:49:57,31.1,3.54,6,373,29.58
2024-09-04 20:49:59,27.9,3.55,6,373,27.70
2024-09-04 20:50:00,28.6,3.55,6,373,28.13
2024-09-04 20:50:01,1.6,2.70,5,166,27.76
2024-09-04 20:50:03,28.6,2.78,0,166,26.61
2024-09-04 20:50:04,26.2,2.97,0,166,16.51
2024-09-04 20:50:05,24.6,3.07,0,166,10.14
2024-09-04 20:50:07,27.9,3.65,7,369,28.52
2024-09-04 20:50:08,32.3,3.65,8,369,29.61
2024-09-04 20:50:10,28.3,3.66,7,369,28.64
2024-09-04 20:50:11,52.4,3.68,7,369,28.89
2024-09-04 20:50:12,29,3.67,7,369,29.07
2024-09-04 20:50:14,27.9,3.67,8,369,29.32
2024-09-04 20:50:15,29.5,3.67,7,369,29.17
2024-09-04 20:50:16,7.7,2.70,0,166,27.29
2024-09-04 20:50:18,27.4,2.80,0,166,21.36
2024-09-04 20:50:19,27.9,2.99,0,166,16.57
2024-09-04 20:50:20,25.8,3.10,0,180,10.89
2024-09-04 20:50:22,27.9,3.52,6,379,32.35
2024-09-04 20:50:23,27.4,3.53,6,379,28.88
2024-09-04 20:50:25,29,3.54,6,379,27.53
2024-09-04 20:50:26,31.2,3.54,6,379,27.55
2024-09-04 20:50:27,28.3,3.56,6,379,27.62
2024-09-04 20:50:29,28.6,3.56,6,379,27.61
2024-09-04 20:50:30,29,3.56,6,379,27.67
2024-09-04 20:50:32,31.2,3.55,6,379,27.73
2024-09-04 20:50:33,27.4,2.73,2,166,27.00
2024-09-04 20:50:34,27.4,2.94,0,166,26.00
2024-09-04 20:50:36,30.6,3.05,0,166,12.23
2024-09-04 20:50:37,30.2,3.23,2,295,15.30
2024-09-04 20:50:38,26.7,3.67,11,387,39.57
2024-09-04 20:50:40,27.4,3.67,12,387,33.42
2024-09-04 20:50:41,26.7,3.68,11,387,33.18
2024-09-04 20:50:42,29,3.69,11,387,33.19
2024-09-04 20:50:44,27.4,3.70,12,387,33.22
2024-09-04 20:50:45,28.3,3.70,12,387,33.07
2024-09-04 20:50:47,29,3.70,12,387,33.11
2024-09-04 20:50:48,29,3.68,12,387,33.03
2024-09-04 20:50:49,28.3,3.68,12,327,33.27
2024-09-04 20:50:51,30.6,2.87,2,166,25.94
2024-09-04 20:50:52,27.4,3.00,0,166,25.92
2024-09-04 20:50:53,27.4,3.11,0,166,22.65
2024-09-04 20:50:55,27.9,3.67,10,389,28.53
2024-09-04 20:50:56,29.5,3.68,11,389,34.00
2024-09-04 20:50:58,30.6,3.69,10,389,33.93
2024-09-04 20:50:59,26.7,3.70,10,389,33.89
2024-09-04 20:51:00,28.6,3.70,10,389,33.90
2024-09-04 20:51:02,50,3.70,7,226,33.22
2024-09-04 20:51:03,37.7,2.68,7,226,28.76
2024-09-04 20:51:04,37.1,2.68,8,226,28.80
2024-09-04 20:51:06,36.1,2.68,8,226,28.79
2024-09-04 20:51:07,37.7,2.68,8,226,28.62
2024-09-04 20:51:09,38.1,2.68,8,226,28.65
2024-09-04 20:51:10,38.1,2.68,8,226,28.80
2024-09-04 20:51:11,37.3,2.68,8,226,28.85
2024-09-04 20:51:13,38.7,2.68,8,226,28.92
2024-09-04 20:51:14,58.7,2.70,7,226,28.83
2024-09-04 20:51:15,37.7,2.68,8,226,28.81
2024-09-04 20:51:17,27.4,2.76,0,168,26.13
2024-09-04 20:51:18,24.2,2.93,0,168,26.13
2024-09-04 20:51:20,28.6,3.06,0,168,25.96
2024-09-04 20:51:21,29,3.26,2,295,26.02
2024-09-04 20:51:22,30.2,3.59,10,383,31.64
2024-09-04 20:51:24,30.2,3.60,5,383,31.42
2024-09-04 20:51:25,29.7,3.61,9,383,31.80
2024-09-04 20:51:26,27.9,3.61,10,383,31.80
2024-09-04 20:51:28,29,2.76,0,168,28.19
2024-09-04 20:51:29,24.2,2.96,0,168,26.15
2024-09-04 20:51:31,27,3.09,0,168,25.88
2024-09-04 20:51:32,27.9,3.26,0,295,25.95
2024-09-04 20:51:33,31.2,3.70,6,381,27.60
2024-09-04 20:51:35,31.2,3.70,2,381,27.58
2024-09-04 20:51:36,29,3.71,6,381,27.59
2024-09-04 20:51:37,30.2,3.70,6,381,27.58
2024-09-04 20:51:39,28.6,3.70,6,381,27.72
2024-09-04 20:51:40,26.2,3.71,6,381,27.63
2024-09-04 20:51:41,30.2,3.73,6,381,27.63
2024-09-04 20:51:43,29,3.71,7,381,27.76
2024-09-04 20:51:44,1.6,2.75,0,168,26.83
2024-09-04 20:51:46,25.8,2.83,0,168,26.09
2024-09-04 20:51:47,26.2,3.01,0,168,16.21
2024-09-04 20:51:48,27,3.12,0,168,10.31
2024-09-04 20:51:50,31.2,3.70,1,415,19.71
2024-09-04 20:51:51,31.7,3.71,18,415,37.44
2024-09-04 20:51:52,27.9,3.71,17,415,36.15
2024-09-04 20:51:54,26.2,3.71,18,415,37.67
2024-09-04 20:51:55,29,3.73,16,415,37.31
2024-09-04 20:51:57,27.9,3.72,18,415,37.28
2024-09-04 20:51:58,29,2.72,0,168,30.50
2024-09-04 20:51:59,27.4,2.96,0,168,26.20
2024-09-04 20:52:01,27,3.07,0,168,21.18
2024-09-04 20:52:02,30.2,3.26,2,311,16.00
2024-09-04 20:52:03,28.6,3.72,6,355,27.47
2024-09-04 20:52:05,27.9,3.72,4,355,27.45
2024-09-04 20:52:06,31.2,3.73,6,355,27.65
2024-09-04 20:52:08,29.7,3.73,6,355,27.64
2024-09-04 20:52:09,28.6,3.73,6,355,27.72
2024-09-04 20:52:10,28.6,3.73,6,355,27.68
2024-09-04 20:52:12,27.9,2.73,6,168,27.39
2024-09-04 20:52:13,29.5,2.92,0,168,26.07
2024-09-04 20:52:14,26.2,3.05,0,168,25.21
2024-09-04 20:52:16,53.2,3.16,0,193,11.03
2024-09-04 20:52:17,32.8,3.67,8,361,33.19
2024-09-04 20:52:18,27.4,3.67,3,361,30.00
2024-09-04 20:52:20,27.9,3.69,9,361,29.06
2024-09-04 20:52:21,26.7,3.70,9,361,29.14
2024-09-04 20:52:23,27.9,3.71,9,361,29.10
2024-09-04 20:52:24,1.6,2.78,6,168,28.44
2024-09-04 20:52:25,23,2.79,0,168,25.62
2024-09-04 20:52:27,27.9,2.99,0,168,19.56
2024-09-04 20:52:28,28.1,3.09,0,168,10.46
2024-09-04 20:52:29,28.6,3.48,1,375,17.21
2024-09-04 20:52:31,30.2,3.57,6,375,27.07
2024-09-04 20:52:32,30.2,3.58,6,375,26.86
2024-09-04 20:52:34,30.2,3.59,6,375,27.04
2024-09-04 20:52:35,30.6,3.59,6,375,27.07
2024-09-04 20:52:36,27.9,2.75,0,168,25.80
2024-09-04 20:52:38,27.4,2.99,0,168,16.59
2024-09-04 20:52:39,27,3.08,0,168,12.97
2024-09-04 20:52:40,29,3.45,2,369,19.26
2024-09-04 20:52:42,27.4,3.70,7,371,28.27
2024-09-04 20:52:43,28.3,3.72,7,371,27.96
2024-09-04 20:52:44,29,3.73,8,371,28.24
2024-09-04 20:52:46,27.4,3.71,8,371,28.32
2024-09-04 20:52:47,31.1,3.72,8,371,28.28
2024-09-04 20:52:49,27.9,3.72,8,371,28.17
2024-09-04 20:52:50,1.6,2.73,0,168,27.26
2024-09-04 20:52:51,28.1,2.79,0,168,25.75
2024-09-04 20:52:53,27.4,3.00,0,168,17.82
2024-09-04 20:52:54,28.6,3.09,0,168,11.09
2024-09-04 20:52:55,31.7,3.57,1,381,16.33
2024-09-04 20:52:57,30.2,3.57,6,381,27.08
2024-09-04 20:52:58,30.2,3.58,6,381,26.96
2024-09-04 20:53:00,27.9,3.58,6,381,27.22
2024-09-04 20:53:01,30.2,3.58,6,381,27.18
2024-09-04 20:53:02,31.2,3.58,6,381,27.13
2024-09-04 20:53:04,29,3.58,6,381,27.22
2024-09-04 20:53:05,29,3.58,6,381,27.35
2024-09-04 20:53:06,30,3.58,6,168,27.30
2024-09-04 20:53:08,28.6,2.83,0,168,25.66
2024-09-04 20:53:09,27.4,3.03,0,168,25.04
2024-09-04 20:53:11,24.2,3.13,0,182,10.53
2024-09-04 20:53:12,32.8,3.66,11,389,34.72
2024-09-04 20:53:13,29,3.67,12,389,35.11
2024-09-04 20:53:15,30.2,3.67,12,389,31.67
2024-09-04 20:53:16,31.7,3.67,12,389,32.56
2024-09-04 20:53:17,30.6,3.69,12,389,32.62
2024-09-04 20:53:19,30.2,3.69,11,389,32.66
2024-09-04 20:53:20,31.2,3.69,11,389,32.49
2024-09-04 20:53:22,30.6,3.68,12,389,32.74
2024-09-04 20:53:23,27.9,3.68,12,389,32.65
2024-09-04 20:53:24,1.6,2.72,0,168,26.36
2024-09-04 20:53:26,26.2,2.83,0,168,22.58
2024-09-04 20:53:27,27.9,3.02,0,168,17.38
2024-09-04 20:53:28,27.9,3.13,0,168,11.22
2024-09-04 20:53:30,29.7,3.68,10,391,33.75
2024-09-04 20:53:31,26.7,3.69,6,391,35.27
2024-09-04 20:53:33,27.9,3.69,11,391,33.20
2024-09-04 20:53:34,27.4,3.69,10,391,33.43
2024-09-04 20:53:35,28.6,3.70,10,391,33.38
2024-09-04 20:53:37,38.5,2.72,6,192,31.55
2024-09-04 20:53:38,40,2.71,5,192,26.80
2024-09-04 20:53:39,36.5,2.71,5,192,26.73
2024-09-04 20:53:41,39.3,2.71,5,192,26.77
2024-09-04 20:53:42,40.3,2.72,5,192,26.74
2024-09-04 20:53:44,39.4,2.71,5,192,26.59
2024-09-04 20:53:45,36.7,2.69,5,192,26.64
2024-09-04 20:53:46,37.1,2.70,5,192,26.68
2024-09-04 20:53:48,28.3,2.70,0,168,25.84
2024-09-04 20:53:49,27.4,2.80,0,168,25.41
2024-09-04 20:53:50,29,3.00,0,168,25.33
2024-09-04 20:53:52,23,3.11,0,182,25.27
2024-09-04 20:53:53,30.2,3.54,10,383,29.20
2024-09-04 20:53:55,29.5,3.54,10,383,31.29
2024-09-04 20:53:56,31.2,3.55,10,383,31.38
2024-09-04 20:53:57,30.6,3.55,10,383,31.49
2024-09-04 20:53:59,27.4,2.72,2,168,29.85
2024-09-04 20:54:00,24.2,2.91,0,168,26.03
2024-09-04 20:54:01,28.6,3.04,0,168,25.45
2024-09-04 20:54:03,30.2,3.22,2,295,25.57
2024-09-04 20:54:04,31.2,3.66,6,381,26.93
2024-09-04 20:54:06,27.9,3.66,6,381,27.21
2024-09-04 20:54:07,26.2,3.66,6,381,27.28
2024-09-04 20:54:08,32.8,3.67,6,381,27.26
2024-09-04 20:54:10,29,3.67,6,381,27.19
2024-09-04 20:54:11,29.5,3.67,6,381,27.18
2024-09-04 20:54:12,31.2,3.66,7,381,27.35
2024-09-04 20:54:14,28.6,3.66,6,381,27.33
2024-09-04 20:54:15,6.2,2.71,3,168,27.02
2024-09-04 20:54:17,29,2.78,0,168,25.58
2024-09-04 20:54:18,28.6,2.97,0,168,16.41
2024-09-04 20:54:19,27,3.07,0,168,10.50
2024-09-04 20:54:21,54.1,3.60,6,415,22.36
2024-09-04 20:54:22,32.3,3.65,18,415,41.52
2024-09-04 20:54:23,28.6,3.65,17,415,35.28
2024-09-04 20:54:25,28.6,3.67,18,415,36.79
2024-09-04 20:54:26,32.3,3.67,17,415,36.64
2024-09-04 20:54:28,27.4,3.66,17,415,36.86
2024-09-04 20:54:29,26.2,2.74,0,168,31.39
2024-09-04 20:54:30,26.7,2.92,0,168,26.14
2024-09-04 20:54:32,27,3.03,0,168,20.97
2024-09-04 20:54:33,27.9,3.21,2,293,15.77
2024-09-04 20:54:34,26.7,3.66,6,355,26.83
2024-09-04 20:54:36,26.2,3.67,4,355,26.66
2024-09-04 20:54:37,31.2,3.68,6,355,26.89
2024-09-04 20:54:38,30.2,3.68,6,355,26.82
2024-09-04 20:54:40,28.6,3.68,6,355,26.71
2024-09-04 20:54:41,30.6,3.68,6,355,26.85
2024-09-04 20:54:43,22.2,2.73,4,168,26.47
2024-09-04 20:54:44,26.2,2.89,0,168,25.42
2024-09-04 20:54:45,26.2,3.02,0,168,25.33
2024-09-04 20:54:47,27.4,3.12,0,193,10.74
2024-09-04 20:54:48,27.9,3.64,8,361,33.15
2024-09-04 20:54:49,26.7,3.65,5,361,29.66
2024-09-04 20:54:51,27.4,3.66,9,361,28.92
2024-09-04 20:54:52,26.7,3.66,9,361,28.96
2024-09-04 20:54:54,29.5,3.66,9,361,28.95
2024-09-04 20:54:55,3.3,2.71,4,168,28.37
2024-09-04 20:54:56,29,2.74,0,168,25.58
2024-09-04 20:54:58,27.4,2.96,0,168,22.10
2024-09-04 20:54:59,28.6,3.06,0,168,10.40
2024-09-04 20:55:00,29,3.43,1,375,18.45
2024-09-04 20:55:02,30.2,3.52,5,375,30.92
2024-09-04 20:55:03,30.2,3.53,6,375,26.39
2024-09-04 20:55:05,29.5,3.55,6,375,26.63
2024-09-04 20:55:06,29,3.55,6,375,26.62
2024-09-04 20:55:07,27.4,2.75,0,168,25.33
2024-09-04 20:55:09,27.4,2.96,0,168,15.95
2024-09-04 20:55:10,26.7,3.06,0,168,12.74
2024-09-04 20:55:11,29,3.45,2,371,20.11
2024-09-04 20:55:13,27.4,3.65,8,371,28.18
2024-09-04 20:55:14,28.6,3.65,8,371,28.07
2024-09-04 20:55:15,28.6,3.66,8,371,28.42
2024-09-04 20:55:17,27.9,3.66,8,371,28.50
2024-09-04 20:55:18,26.2,3.67,8,371,28.50
2024-09-04 20:55:20,27.9,3.68,8,371,28.52
2024-09-04 20:55:21,28.6,2.73,0,168,27.30
2024-09-04 20:55:22,27.4,2.92,0,168,25.64
2024-09-04 20:55:24,27.4,3.03,0,168,18.40
2024-09-04 20:55:25,30.6,3.20,2,295,14.41
2024-09-04 20:55:26,29.7,3.53,6,381,32.34
2024-09-04 20:55:28,27.9,3.53,3,381,26.81
2024-09-04 20:55:29,31.2,3.55,6,381,27.05
2024-09-04 20:55:30,30.2,3.56,6,381,27.11
2024-09-04 20:55:32,29.5,3.55,6,381,26.96
2024-09-04 20:55:33,29,3.56,6,381,27.00
2024-09-04 20:55:35,29,3.56,6,381,26.97
2024-09-04 20:55:36,30.2,3.56,6,381,26.87
2024-09-04 20:55:37,24.2,2.75,0,168,25.69
2024-09-04 20:55:39,35.9,2.97,0,168,24.64
2024-09-04 20:55:40,27.4,3.07,0,168,12.05
2024-09-04 20:55:41,28.6,3.53,1,389,16.55
2024-09-04 20:55:43,30.2,3.65,12,389,33.04
2024-09-04 20:55:44,29,3.65,7,389,31.67
2024-09-04 20:55:46,28.6,3.65,12,389,32.66
2024-09-04 20:55:47,29.5,3.65,12,389,32.50
2024-09-04 20:55:48,27.4,3.65,11,389,32.56
2024-09-04 20:55:50,30.2,3.66,12,389,32.67
2024-09-04 20:55:51,30.6,3.67,12,389,32.88
2024-09-04 20:55:52,31.2,3.67,11,389,32.75
2024-09-04 20:55:54,27.4,2.74,6,168,31.22
2024-09-04 20:55:55,25.8,2.89,0,168,25.76
2024-09-04 20:55:56,26.7,3.02,0,168,25.20
2024-09-04 20:55:58,27.4,3.17,1,293,13.62
2024-09-04 20:55:59,29,3.63,9,391,38.53
2024-09-04 20:56:01,26.7,3.65,11,391,31.99
2024-09-04 20:56:02,27.9,3.65,11,391,33.12
2024-09-04 20:56:03,27.9,3.65,11,391,33.12
2024-09-04 20:56:05,28.6,3.66,10,391,33.02
2024-09-04 20:56:06,37.1,2.71,5,218,28.30
2024-09-04 20:56:07,37.1,2.71,5,218,26.62
2024-09-04 20:56:09,37.3,2.68,5,218,26.70
2024-09-04 20:56:10,38.1,2.68,5,218,26.67
2024-09-04 20:56:12,39.7,2.68,5,218,26.63
2024-09-04 20:56:13,40.6,2.68,5,218,26.53
2024-09-04 20:56:14,39.1,2.68,5,218,26.53
2024-09-04 20:56:16,38.1,2.67,5,218,26.59
2024-09-04 20:56:17,38.7,2.67,5,218,26.51
2024-09-04 20:56:19,37.1,2.68,5,218,26.67
2024-09-04 20:56:20,27.9,2.71,0,168,25.69
2024-09-04 20:56:21,28.6,2.86,0,168,25.38
2024-09-04 20:56:23,27.9,3.04,0,168,25.44
2024-09-04 20:56:24,25.8,3.15,0,187,25.49
2024-09-04 20:56:25,54.7,3.57,9,383,29.20
2024-09-04 20:56:27,27.4,3.56,10,383,31.13
2024-09-04 20:56:28,30.2,3.57,10,383,30.92
2024-09-04 20:56:29,27.4,3.57,10,383,31.18
2024-09-04 20:56:31,1.6,2.76,5,168,29.96
2024-09-04 20:56:32,28.6,2.78,0,168,25.61
2024-09-04 20:56:34,27.4,2.99,0,168,25.31
2024-09-04 20:56:35,27.4,3.09,0,168,25.31
2024-09-04 20:56:36,27.9,3.51,2,381,25.55
2024-09-04 20:56:38,29,3.68,6,381,27.12
2024-09-04 20:56:39,29,3.68,6,381,27.03
2024-09-04 20:56:40,31.2,3.68,6,381,27.13
2024-09-04 20:56:42,30.2,3.65,6,381,27.23
2024-09-04 20:56:43,30.6,3.66,6,381,27.29
2024-09-04 20:56:44,27.4,3.65,6,381,27.19
2024-09-04 20:56:46,29.7,3.64,6,381,27.23
2024-09-04 20:56:47,31.7,3.65,6,381,27.17
2024-09-04 20:56:49,26.6,2.71,0,168,26.24
2024-09-04 20:56:50,27.4,2.90,0,168,19.70
2024-09-04 20:56:51,26.2,3.02,0,168,15.07
2024-09-04 20:56:53,26.7,3.13,0,293,10.80
2024-09-04 20:56:54,27.9,3.64,16,415,38.90
2024-09-04 20:56:55,27.9,3.66,14,415,36.72
2024-09-04 20:56:57,29,3.65,18,415,36.56
2024-09-04 20:56:58,31.2,3.67,17,415,36.86
2024-09-04 20:57:00,28.6,3.68,17,415,36.81
2024-09-04 20:57:01,27.9,3.68,17,415,36.75
2024-09-04 20:57:02,27,2.76,0,168,26.53
2024-09-04 20:57:04,28.6,2.96,0,168,18.74
2024-09-04 20:57:05,24.6,3.05,0,168,17.30
2024-09-04 20:57:06,29.5,3.45,1,355,25.19
2024-09-04 20:57:08,32.3,3.65,6,355,31.11
2024-09-04 20:57:09,27.4,3.66,6,355,26.60
2024-09-04 20:57:11,29,3.68,6,355,26.89
2024-09-04 20:57:12,29,3.68,6,355,26.76
2024-09-04 20:57:13,27.9,3.68,6,355,26.68
2024-09-04 20:57:15,31.2,3.68,6,355,26.63
2024-09-04 20:57:16,27.4,2.71,0,168,26.06
2024-09-04 20:57:17,27.4,2.95,0,168,25.47
2024-09-04 20:57:19,25.8,3.04,0,168,18.43
2024-09-04 20:57:20,29.7,3.22,2,313,16.50
2024-09-04 20:57:22,30.2,3.65,8,361,34.54
2024-09-04 20:57:23,31.7,3.66,9,361,28.31
2024-09-04 20:57:24,31.7,3.66,8,361,28.71
2024-09-04 20:57:26,30.2,3.67,9,361,28.61
2024-09-04 20:57:27,27.4,3.67,9,361,28.71
2024-09-04 20:57:28,3.2,2.72,0,168,26.48
2024-09-04 20:57:30,28.6,2.81,0,168,21.92
2024-09-04 20:57:31,26.2,2.99,0,168,12.06
2024-09-04 20:57:32,27.4,3.08,0,168,10.68
2024-09-04 20:57:34,30,3.52,6,375,31.21
2024-09-04 20:57:35,30.2,3.54,6,375,28.56
2024-09-04 20:57:37,31.2,3.55,6,375,26.51
2024-09-04 20:57:38,31.7,3.55,6,375,26.53
2024-09-04 20:57:39,1.6,2.70,5,168,26.27
2024-09-04 20:57:41,26.2,2.79,0,168,25.43
2024-09-04 20:57:42,29,2.98,0,168,13.75
2024-09-04 20:57:43,26.2,3.09,0,168,9.60
2024-09-04 20:57:45,27.9,3.62,7,371,31.76
2024-09-04 20:57:46,28.3,3.64,8,371,30.47
2024-09-04 20:57:48,30.2,3.64,8,371,27.40
2024-09-04 20:57:49,29,3.65,8,371,27.80
2024-09-04 20:57:50,29,3.65,8,371,27.75
2024-09-04 20:57:52,29,3.66,8,371,27.93
2024-09-04 20:57:53,29,3.68,8,371,27.97
2024-09-04 20:57:54,24.2,2.77,0,168,25.80
2024-09-04 20:57:56,29.2,2.98,0,168,25.22
2024-09-04 20:57:57,27.4,3.07,0,168,18.61
2024-09-04 20:57:59,27.4,3.52,5,381,23.97
2024-09-04 20:58:00,30.2,3.52,6,381,26.88
2024-09-04 20:58:01,29,3.53,6,381,26.53
2024-09-04 20:58:03,30.2,3.55,6,381,26.86
2024-09-04 20:58:04,30.2,3.55,6,381,26.80
2024-09-04 20:58:05,29.5,3.55,6,381,26.80
2024-09-04 20:58:07,32.8,3.55,6,381,26.79
2024-09-04 20:58:08,30.2,3.54,6,381,26.94
2024-09-04 20:58:10,19.7,2.97,5,168,26.58
2024-09-04 20:58:11,27.4,2.84,0,168,25.35
2024-09-04 20:58:12,26.2,3.02,0,168,25.14
2024-09-04 20:58:14,25.8,3.13,0,183,10.20
2024-09-04 20:58:15,29,3.66,11,389,35.41
2024-09-04 20:58:16,30.2,3.67,12,389,33.68
2024-09-04 20:58:18,29,3.67,12,389,31.46
2024-09-04 20:58:19,30.2,3.68,12,389,32.41
2024-09-04 20:58:21,33.9,3.68,12,389,32.50
2024-09-04 20:58:22,32.3,3.68,11,389,32.49
2024-09-04 20:58:23,27.9,3.68,12,389,32.60
2024-09-04 20:58:25,26.7,3.68,12,389,32.58
2024-09-04 20:58:26,27.9,3.68,12,389,32.36
2024-09-04 20:58:27,24.2,2.76,0,168,25.82
2024-09-04 20:58:29,30.2,2.96,0,168,15.62
2024-09-04 20:58:30,53.2,3.05,0,168,13.19
2024-09-04 20:58:31,27.4,3.44,2,391,20.43
2024-09-04 20:58:33,30.2,3.65,11,391,33.27
2024-09-04 20:58:34,28.3,3.65,11,391,32.24
2024-09-04 20:58:36,30.2,3.66,11,391,33.07
2024-09-04 20:58:37,31.2,3.66,11,391,33.20
2024-09-04 20:58:38,30.2,3.66,11,391,33.24
2024-09-04 20:58:40,37.7,2.70,8,228,28.04
2024-09-04 20:58:41,37.1,2.70,8,228,27.94
2024-09-04 20:58:42,39.1,2.72,8,228,27.94
2024-09-04 20:58:44,37.1,2.73,8,228,27.94
2024-09-04 20:58:45,36.7,2.71,8,228,28.03
2024-09-04 20:58:47,37.1,2.72,8,228,28.17
2024-09-04 20:58:48,37.1,2.72,8,228,28.09
2024-09-04 20:58:49,38.1,2.72,8,228,28.15
2024-09-04 20:58:51,36.1,2.72,8,228,28.11
2024-09-04 20:58:52,38.7,2.72,8,228,28.13
2024-09-04 20:58:53,31.7,2.76,0,168,26.51
2024-09-04 20:58:55,25.8,2.90,0,168,25.39
2024-09-04 20:58:56,25,3.08,0,168,25.35
2024-09-04 20:58:58,27.4,3.19,0,168,25.43
2024-09-04 20:58:59,30.6,3.64,10,383,28.51
2024-09-04 20:59:00,31.7,3.64,10,383,31.53
2024-09-04 20:59:02,29,3.65,10,383,30.66
2024-09-04 20:59:03,28.6,3.66,10,383,31.43
2024-09-04 20:59:04,3.2,2.80,4,168,30.12
2024-09-04 20:59:06,26.2,2.89,0,168,25.74
2024-09-04 20:59:07,30.2,3.09,0,168,25.34
2024-09-04 20:59:08,27.4,3.20,0,168,25.29
2024-09-04 20:59:10,29,3.74,6,381,26.16
2024-09-04 20:59:11,30.2,3.75,6,381,27.09
2024-09-04 20:59:13,25.4,3.75,6,381,26.88
2024-09-04 20:59:14,32.3,3.76,6,381,27.00
2024-09-04 20:59:15,32.3,3.77,6,381,27.07
2024-09-04 20:59:17,30.2,3.77,6,381,27.12
2024-09-04 20:59:18,28.3,3.77,6,381,26.98
2024-09-04 20:59:19,31.7,3.76,6,381,26.98
2024-09-04 20:59:21,30.6,3.76,7,331,27.08
2024-09-04 20:59:22,30.6,2.81,0,168,25.61
2024-09-04 20:59:24,27.4,3.06,0,168,21.10
2024-09-04 20:59:25,26.2,3.16,0,168,10.63
2024-09-04 20:59:26,30.2,3.45,2,361,17.12
2024-09-04 20:59:28,30.2,3.78,18,415,36.72
2024-09-04 20:59:29,29,3.78,16,415,35.06
2024-09-04 20:59:30,29,3.78,17,415,36.68
2024-09-04 20:59:32,29,3.78,17,415,36.71
2024-09-04 20:59:33,29,3.79,17,415,36.93
2024-09-04 20:59:35,9.7,2.79,2,168,34.19
2024-09-04 20:59:36,27.9,2.98,0,168,25.81
2024-09-04 20:59:37,27.9,3.12,0,168,17.73
2024-09-04 20:59:39,27.9,3.23,0,183,12.73
2024-09-04 20:59:40,30.2,3.75,6,355,26.07
2024-09-04 20:59:41,29.5,3.76,6,355,26.67
2024-09-04 20:59:43,30.6,3.76,6,355,26.76
2024-09-04 20:59:44,29.5,3.76,6,355,26.78
2024-09-04 20:59:46,26.2,3.78,6,355,26.77
2024-09-04 20:59:47,27.9,3.78,6,355,26.87
2024-09-04 20:59:48,31.7,3.76,6,329,26.83
2024-09-04 20:59:50,43.3,3.86,2,168,25.44
2024-09-04 20:59:51,27.9,3.08,0,168,25.42
2024-09-04 20:59:52,23.3,3.18,0,168,24.58
2024-09-04 20:59:54,29,3.76,1,361,28.46
2024-09-04 20:59:55,32.8,3.77,9,361,32.62
2024-09-04 20:59:56,31.2,3.78,9,361,28.72
2024-09-04 20:59:58,29,3.78,9,361,28.88
2024-09-04 20:59:59,31.7,3.78,9,361,28.78
2024-09-04 21:00:01,29.5,3.79,9,361,28.89
2024-09-04 21:00:02,28.6,2.81,0,168,25.35
2024-09-04 21:00:03,27.4,3.03,0,168,20.60
2024-09-04 21:00:05,29,3.13,0,168,11.61
2024-09-04 21:00:06,26.2,3.31,2,293,14.33
2024-09-04 21:00:07,29.5,3.63,6,375,26.42
2024-09-04 21:00:09,29.5,3.65,2,375,26.39
2024-09-04 21:00:10,32.8,3.65,6,375,26.56
2024-09-04 21:00:11,29,3.65,6,375,26.56
2024-09-04 21:00:13,30.2,2.82,0,168,25.83
2024-09-04 21:00:14,29,3.00,0,168,18.76
2024-09-04 21:00:16,29.7,3.13,0,168,14.82
2024-09-04 21:00:17,28.6,3.31,0,293,11.48
2024-09-04 21:00:18,26.7,3.78,7,371,27.38
2024-09-04 21:00:20,30.2,3.79,7,371,27.69
2024-09-04 21:00:21,27.4,3.79,7,371,27.92
2024-09-04 21:00:22,28.6,3.80,7,371,27.88
2024-09-04 21:00:24,32.3,3.80,8,371,27.87
2024-09-04 21:00:25,30.2,3.79,8,371,27.82
2024-09-04 21:00:27,30.6,3.79,8,168,27.93
2024-09-04 21:00:28,28.6,2.82,0,168,25.51
2024-09-04 21:00:29,26.2,3.04,0,168,24.93
2024-09-04 21:00:31,27.4,3.15,0,168,11.10
2024-09-04 21:00:32,30.6,3.34,2,295,13.02
2024-09-04 21:00:33,28.3,3.65,6,381,26.73
2024-09-04 21:00:35,54,3.68,5,381,26.60
2024-09-04 21:00:36,30.6,3.68,6,381,26.77
2024-09-04 21:00:38,31.7,3.68,6,381,26.86
2024-09-04 21:00:39,27.4,3.68,6,381,26.83
2024-09-04 21:00:40,29,3.68,6,381,26.87
2024-09-04 21:00:42,30.6,3.65,6,381,26.84
2024-09-04 21:00:43,27.4,3.63,6,381,26.77
2024-09-04 21:00:44,20.3,2.81,0,168,25.82
2024-09-04 21:00:46,28.6,2.91,0,168,22.83
2024-09-04 21:00:47,27.4,3.09,0,168,17.23
2024-09-04 21:00:49,27.4,3.19,0,182,10.43
2024-09-04 21:00:50,29,3.74,12,389,29.66
2024-09-04 21:00:51,28.3,3.75,12,389,32.64
2024-09-04 21:00:53,27.9,3.76,12,389,31.56
2024-09-04 21:00:54,29,3.73,12,389,32.59
2024-09-04 21:00:56,30.2,3.73,11,389,32.51
2024-09-04 21:00:57,30.2,3.73,12,389,32.40
2024-09-04 21:00:58,29,3.73,12,389,32.67
2024-09-04 21:01:00,29,3.71,12,389,32.60
2024-09-04 21:01:01,31.7,3.71,12,389,32.72
2024-09-04 21:01:02,27,2.81,0,168,25.57
2024-09-04 21:01:04,25.8,3.01,0,168,16.10
2024-09-04 21:01:05,29,3.11,0,168,13.57
2024-09-04 21:01:06,30.2,3.56,2,391,21.67
2024-09-04 21:01:08,29,3.72,11,391,33.05
2024-09-04 21:01:09,30.2,3.72,11,391,31.95
2024-09-04 21:01:11,31.7,3.73,11,391,32.81
2024-09-04 21:01:12,29,3.74,11,391,32.92
2024-09-04 21:01:13,29.5,3.74,11,391,32.90
2024-09-04 21:01:15,38.7,2.76,5,192,26.58
2024-09-04 21:01:16,37.1,2.76,5,192,26.39
2024-09-04 21:01:18,39.1,2.77,5,192,26.33
2024-09-04 21:01:19,37.1,2.77,5,192,26.36
2024-09-04 21:01:20,36.1,2.77,5,192,26.42
2024-09-04 21:01:22,39.1,2.75,5,192,26.49
2024-09-04 21:01:23,36.7,2.76,5,192,26.43
2024-09-04 21:01:24,53.1,2.77,2,168,26.06
2024-09-04 21:01:26,4.7,2.76,0,168,25.23
2024-09-04 21:01:27,3.2,2.76,0,168,25.30
2024-09-04 21:01:29,4.7,2.76,0,168,25.33
2024-09-04 21:01:30,4.8,2.77,0,168,25.33
2024-09-04 21:01:31,4.7,2.77,0,168,25.26
2024-09-04 21:01:33,4.7,2.78,0,168,25.19
2024-09-04 21:01:34,3.2,2.78,0,168,25.22
2024-09-04 21:01:35,6.3,2.78,0,168,25.20
2024-09-04 21:01:37,4.8,2.78,0,168,25.16
2024-09-04 21:01:38,6.2,2.78,0,168,25.17
2024-09-04 21:01:40,3.2,2.78,0,168,25.25
2024-09-04 21:01:41,4.8,2.78,0,168,25.23
2024-09-04 21:01:42,3.2,2.78,0,168,23.75
2024-09-04 21:01:44,3.2,2.76,0,168,13.75
2024-09-04 21:01:45,6.3,2.76,0,168,11.26
2024-09-04 21:01:46,4.7,2.76,0,168,8.69
2024-09-04 21:01:48,1.6,2.78,0,168,8.70
2024-09-04 21:01:49,3.3,2.78,0,168,8.72
2024-09-04 21:01:51,4.8,2.78,0,168,8.73
2024-09-04 21:01:52,6.3,2.78,0,168,8.75
2024-09-04 21:01:53,4.8,2.78,0,168,8.64
2024-09-04 21:01:55,6.2,2.78,0,168,8.63
2024-09-04 21:01:56,3.2,2.78,0,168,8.66
2024-09-04 21:01:57,3.2,2.78,0,168,8.61
2024-09-04 21:01:59,3.2,2.78,0,168,8.65
2024-09-04 21:02:00,3.2,2.78,0,168,8.66
2024-09-04 21:02:02,3.2,2.78,0,168,8.68
2024-09-04 21:02:03,3.2,2.78,0,168,8.66
2024-09-04 21:02:04,3.3,2.78,0,168,8.67
2024-09-04 21:02:06,7.9,2.78,0,168,8.76
2024-09-04 21:02:07,3.3,2.78,0,168,8.69
2024-09-04 21:02:08,1.6,2.76,0,168,8.65
2024-09-04 21:02:10,3.2,2.76,0,168,8.62
2024-09-04 21:02:11,9.4,2.76,0,168,8.69
2024-09-04 21:02:13,3.2,2.76,0,168,8.74
2024-09-04 21:02:14,4.7,2.76,0,168,8.71
2024-09-04 21:02:15,6.3,2.76,0,168,8.67
2024-09-04 21:02:17,4.8,2.76,0,168,8.68
2024-09-04 21:02:18,1.6,2.76,0,168,8.65
2024-09-04 21:02:20,6.3,2.76,0,168,8.66
2024-09-04 21:02:21,4.8,2.76,0,168,8.68
2024-09-04 21:02:22,9.2,2.76,0,168,8.77
2024-09-04 21:02:24,1.6,2.76,0,168,8.74
2024-09-04 21:02:25,3.2,2.75,0,168,8.68
2024-09-04 21:02:26,1.6,2.76,0,168,8.57
2024-09-04 21:02:28,4.7,2.76,0,168,8.62
2024-09-04 21:02:29,3.2,2.76,0,168,8.58
2024-09-04 21:02:31,3.2,2.76,0,168,8.57
2024-09-04 21:02:32,7.8,2.76,0,168,8.62
2024-09-04 21:02:33,4.8,2.76,0,168,8.62
2024-09-04 21:02:35,9,2.76,0,168,8.60
2024-09-04 21:02:36,3.2,2.76,0,168,8.62
2024-09-04 21:02:37,1.7,2.76,0,168,8.66
2024-09-04 21:02:39,26.2,2.76,0,168,8.76
2024-09-04 21:02:40,11.5,2.73,0,168,8.64
2024-09-04 21:02:42,100,2.74,0,168,8.67
2024-09-04 21:02:43,7.8,2.75,0,168,8.72
2024-09-04 21:02:44,1.6,2.75,0,168,8.61
2024-09-04 21:02:46,4.8,2.75,0,168,8.62
2024-09-04 21:02:47,6.2,2.75,0,168,8.61
2024-09-04 21:02:48,6.3,2.75,0,168,8.61
2024-09-04 21:02:50,6.2,2.75,0,168,8.64
2024-09-04 21:02:51,4.8,2.76,0,168,8.60
2024-09-04 21:02:53,1.6,2.76,0,168,8.55
2024-09-04 21:02:54,1.6,2.77,0,168,8.60
2024-09-04 21:02:55,1.6,2.77,0,168,8.58
2024-09-04 21:02:57,1.6,2.77,0,168,8.53
2024-09-04 21:02:58,6.2,2.77,0,168,8.46
2024-09-04 21:02:59,3.3,2.77,0,168,8.50
2024-09-04 21:03:01,4.8,2.77,0,168,8.48
2024-09-04 21:03:02,6.5,2.77,0,168,8.49
2024-09-04 21:03:04,6.3,2.77,0,168,8.47
2024-09-04 21:03:05,3.2,2.75,0,168,8.49
2024-09-04 21:03:06,6.2,2.77,0,168,8.50
2024-09-04 21:03:08,3.3,2.77,0,168,8.54
2024-09-04 21:03:09,3.2,2.77,0,168,8.55
2024-09-04 21:03:10,4.8,2.77,0,168,8.60
2024-09-04 21:03:12,3.2,2.77,0,168,8.67
2024-09-04 21:03:13,7.7,2.77,0,168,8.71
2024-09-04 21:03:15,4.7,2.77,0,168,8.63
2024-09-04 21:03:16,3.2,2.77,0,168,8.57
2024-09-04 21:03:17,4.8,2.77,0,168,8.58
2024-09-04 21:03:19,4.7,2.77,0,168,8.57
2024-09-04 21:03:20,1.6,2.77,0,168,8.57
2024-09-04 21:03:21,3.3,2.77,0,168,8.55
2024-09-04 21:03:23,3.2,2.77,0,168,8.55
2024-09-04 21:03:24,3.2,2.77,0,168,8.50
2024-09-04 21:03:26,1.6,2.77,0,168,8.43
2024-09-04 21:03:27,6.3,2.77,0,168,8.43
2024-09-04 21:03:28,1.6,2.77,0,168,8.43
2024-09-04 21:03:30,3.3,2.77,0,168,8.46
2024-09-04 21:03:31,3.3,2.77,0,168,8.48
2024-09-04 21:03:32,3.2,2.77,0,168,8.55
2024-09-04 21:03:34,3.2,2.77,0,168,8.55
2024-09-04 21:03:35,4.8,2.77,0,168,8.42
2024-09-04 21:03:37,4.8,2.77,0,168,8.41
2024-09-04 21:03:38,3.2,2.77,0,168,8.44
2024-09-04 21:03:39,6.3,2.77,0,168,8.41
2024-09-04 21:03:41,3.2,2.77,0,168,8.44
2024-09-04 21:03:42,1.6,2.77,0,168,8.45
2024-09-04 21:03:44,4.8,2.77,0,168,8.43
2024-09-04 21:03:45,100,2.77,0,168,8.46
2024-09-04 21:03:46,3.3,2.77,0,168,8.41
2024-09-04 21:03:48,3.2,2.77,0,168,8.40
2024-09-04 21:03:49,4.8,2.77,0,168,8.45
2024-09-04 21:03:50,1.6,2.77,0,168,8.47
2024-09-04 21:03:52,1.6,2.77,0,168,8.44
2024-09-04 21:03:53,4.7,2.77,0,168,8.41
2024-09-04 21:03:55,4.8,2.77,0,168,8.45
2024-09-04 21:03:56,3.3,2.77,0,168,8.51
2024-09-04 21:03:57,3.2,2.77,0,168,8.51
2024-09-04 21:03:59,3.3,2.77,0,168,8.51
2024-09-04 21:04:00,4.8,2.77,0,168,8.50
2024-09-04 21:04:01,4.8,2.77,0,168,8.50
2024-09-04 21:04:03,4.8,2.77,0,168,8.50
2024-09-04 21:04:04,4.8,2.77,0,168,8.46
2024-09-04 21:04:06,1.6,2.76,0,168,8.48
2024-09-04 21:04:07,7.7,2.77,0,168,8.52
2024-09-04 21:04:08,4.8,2.77,0,168,8.55
2024-09-04 21:04:10,3.2,2.77,0,168,8.52
2024-09-04 21:04:11,6.3,2.77,0,168,8.55
2024-09-04 21:04:12,4.8,2.77,0,168,8.54
2024-09-04 21:04:14,3.3,2.77,0,168,8.51
2024-09-04 21:04:15,8.2,2.77,0,168,8.55
2024-09-04 21:04:17,3.2,2.77,0,168,8.50
2024-09-04 21:04:18,3.2,2.77,0,168,8.52
2024-09-04 21:04:19,1.6,2.77,0,168,8.52
2024-09-04 21:04:21,1.6,2.77,0,168,8.51
2024-09-04 21:04:22,1.6,2.77,0,168,8.53
2024-09-04 21:04:24,3.2,2.77,0,168,8.50
2024-09-04 21:04:25,4.8,2.77,0,168,8.49
2024-09-04 21:04:26,10.6,2.77,0,168,8.53
2024-09-04 21:04:28,6.2,2.77,0,168,8.47
2024-09-04 21:04:29,6.3,2.77,0,168,8.49
2024-09-04 21:04:30,6.3,2.77,0,168,8.48
2024-09-04 21:04:32,6.3,2.77,0,168,8.46
2024-09-04 21:04:33,3.3,2.77,0,168,8.57
2024-09-04 21:04:35,4.8,2.77,0,168,8.58
2024-09-04 21:04:36,3.2,2.77,0,168,8.59
2024-09-04 21:04:37,4.8,2.77,0,168,8.60
2024-09-04 21:04:39,4.7,2.77,0,168,8.73
2024-09-04 21:04:40,3.2,2.77,0,168,8.69
2024-09-04 21:04:41,9.2,2.77,0,168,8.56
2024-09-04 21:04:43,3.2,2.77,0,168,8.53
2024-09-04 21:04:44,6.5,2.77,0,168,8.57
2024-09-04 21:04:46,3.2,2.77,0,168,8.56
2024-09-04 21:04:47,3.3,2.77,0,168,8.54
2024-09-04 21:04:48,100,2.77,0,168,8.60
2024-09-04 21:04:50,3.2,2.77,0,168,8.63
2024-09-04 21:04:51,3.2,2.77,0,168,8.64
2024-09-04 21:04:52,1.6,2.77,0,168,8.53
2024-09-04 21:04:54,6.2,2.77,0,168,8.50
2024-09-04 21:04:55,3.2,2.76,0,168,8.43
2024-09-04 21:04:57,4.7,2.76,0,168,8.42
2024-09-04 21:04:58,3.3,2.77,0,168,8.47
2024-09-04 21:04:59,3.2,2.77,0,168,8.55
2024-09-04 21:05:01,1.6,2.77,0,168,8.60
2024-09-04 21:05:02,6.5,2.77,0,168,8.60
2024-09-04 21:05:03,3.2,2.77,0,168,8.53
2024-09-04 21:05:05,4.8,2.77,0,168,8.63
2024-09-04 21:05:06,4.8,2.77,0,168,8.59
2024-09-04 21:05:08,3.2,2.77,0,168,8.62
2024-09-04 21:05:09,1.6,2.77,0,168,8.59
2024-09-04 21:05:10,100,2.77,0,168,8.53
2024-09-04 21:05:12,4.8,2.77,0,168,8.53
2024-09-04 21:05:13,3.3,2.77,0,168,8.54
2024-09-04 21:05:14,3.2,2.77,0,168,8.55
2024-09-04 21:05:16,4.8,2.77,0,168,8.50
2024-09-04 21:05:17,4.8,2.77,0,168,8.44
2024-09-04 21:05:19,3.2,2.77,0,168,8.45
2024-09-04 21:05:20,1.6,2.77,0,168,8.48
2024-09-04 21:05:21,6.2,2.77,0,168,8.52
2024-09-04 21:05:23,3.2,2.77,0,168,8.53
2024-09-04 21:05:24,4.7,2.77,0,168,8.53
2024-09-04 21:05:25,1.6,2.77,0,168,8.54
2024-09-04 21:05:27,6.2,2.77,0,168,8.55
2024-09-04 21:05:28,6.3,2.77,0,168,8.57
2024-09-04 21:05:30,3.2,2.77,0,168,8.60
2024-09-04 21:05:31,3.2,2.77,0,168,8.63
2024-09-04 21:05:32,6.3,2.77,0,168,8.67
2024-09-04 21:05:34,6.2,2.77,0,168,8.70
2024-09-04 21:05:35,3.2,2.77,0,168,8.70
2024-09-04 21:05:36,4.8,2.77,0,168,8.64
2024-09-04 21:05:38,3.2,2.77,0,168,8.61
2024-09-04 21:05:39,1.6,2.77,0,168,8.71
2024-09-04 21:05:41,6.2,2.77,0,168,8.68
2024-09-04 21:05:42,9.7,2.77,0,168,8.67
2024-09-04 21:05:43,6.2,2.77,0,168,8.62
2024-09-04 21:05:45,1.6,2.77,0,168,8.64
2024-09-04 21:05:46,3.2,2.77,0,168,8.68
2024-09-04 21:05:47,3.2,2.77,0,168,8.63
2024-09-04 21:05:49,4.8,2.77,0,168,8.61
2024-09-04 21:05:50,3.2,2.77,0,168,8.71
2024-09-04 21:05:52,1.6,2.77,0,168,8.68
2024-09-04 21:05:53,3.2,2.77,0,168,8.62
2024-09-04 21:05:54,3.3,2.77,0,168,8.53
2024-09-04 21:05:56,6.3,2.77,0,168,8.56
2024-09-04 21:05:57,3.2,2.77,0,168,8.57
2024-09-04 21:05:58,1.6,2.77,0,168,8.60
2024-09-04 21:06:00,4.7,2.76,0,168,8.61
2024-09-04 21:06:01,4.8,2.77,0,168,8.53
2024-09-04 21:06:03,3.2,2.77,0,168,8.51
2024-09-04 21:06:04,3.2,2.77,0,168,8.49
2024-09-04 21:06:05,100,2.77,0,168,8.48
2024-09-04 21:06:07,3.2,2.77,0,168,8.47
2024-09-04 21:06:08,3.2,2.77,0,168,8.46
2024-09-04 21:06:09,4.9,2.75,0,168,8.56
2024-09-04 21:06:11,6.2,2.76,0,168,8.50
2024-09-04 21:06:12,3.3,2.77,0,168,8.44
2024-09-04 21:06:14,3.2,2.77,0,168,8.41
2024-09-04 21:06:15,3.2,2.77,0,168,8.49
2024-09-04 21:06:16,3.2,2.77,0,168,8.50
2024-09-04 21:06:18,1.6,2.77,0,168,8.57
2024-09-04 21:06:19,3.3,2.77,0,168,8.60
2024-09-04 21:06:20,1.6,2.77,0,168,8.56
2024-09-04 21:06:22,1.6,2.77,0,168,8.56
2024-09-04 21:06:23,3.2,2.77,0,168,8.61
2024-09-04 21:06:24,1.6,2.77,0,168,8.61
2024-09-04 21:06:26,4.8,2.77,0,168,8.66
2024-09-04 21:06:27,6.2,2.77,0,168,8.59
2024-09-04 21:06:29,1.6,2.77,0,168,8.60
2024-09-04 21:06:30,3.2,2.77,0,168,8.53
2024-09-04 21:06:31,4.8,2.77,0,168,8.55
2024-09-04 21:06:33,6.2,2.77,0,168,8.55
2024-09-04 21:06:34,3.2,2.77,0,168,8.57
2024-09-04 21:06:36,3.2,2.77,0,168,8.55
2024-09-04 21:06:37,4.8,2.77,0,168,8.55
2024-09-04 21:06:38,6.3,2.77,0,168,8.59
2024-09-04 21:06:40,1.6,2.77,0,168,8.57
2024-09-04 21:06:41,3.2,2.77,0,168,8.63
2024-09-04 21:06:42,3.2,2.77,0,168,8.62
2024-09-04 21:06:44,4.7,2.77,0,168,8.62
2024-09-04 21:06:45,3.2,2.77,0,168,8.64
2024-09-04 21:06:46,1.6,2.77,0,168,8.64
2024-09-04 21:06:48,1.6,2.77,0,168,8.63
2024-09-04 21:06:49,4.9,2.77,0,168,8.69
2024-09-04 21:06:51,11.1,2.77,0,168,8.70
2024-09-04 21:06:52,4.8,2.77,0,168,8.75
2024-09-04 21:06:53,7.8,2.77,0,168,8.73
2024-09-04 21:06:55,1.6,2.77,0,168,8.72
2024-09-04 21:06:56,4.7,2.77,0,168,8.71
2024-09-04 21:06:58,4.8,2.77,0,168,8.72
2024-09-04 21:06:59,6.2,2.77,0,168,8.68
2024-09-04 21:07:00,1.6,2.77,0,168,8.69
2024-09-04 21:07:02,3.2,2.77,0,168,8.64
2024-09-04 21:07:03,100,2.77,0,168,8.68
2024-09-04 21:07:04,6.2,2.75,0,168,8.70
2024-09-04 21:07:06,7.6,2.75,0,168,8.70
2024-09-04 21:07:07,3.2,2.75,0,168,8.63
2024-09-04 21:07:09,3.2,2.75,0,168,8.61
2024-09-04 21:07:10,4.8,2.76,0,168,8.64
2024-09-04 21:07:11,3.3,2.76,0,168,8.59
2024-09-04 21:07:13,1.6,2.76,0,168,8.54
2024-09-04 21:07:14,3.3,2.77,0,168,8.66
2024-09-04 21:07:15,1.7,2.77,0,168,8.65
2024-09-04 21:07:17,3.2,2.77,0,168,8.64
2024-09-04 21:07:18,4.8,2.77,0,168,8.52
2024-09-04 21:07:20,9.4,2.77,0,168,8.52
2024-09-04 21:07:21,1.6,2.77,0,168,8.56
2024-09-04 21:07:22,3.2,2.77,0,168,8.69
2024-09-04 21:07:24,4.8,2.77,0,168,8.62
2024-09-04 21:07:25,3.2,2.77,0,168,8.54
2024-09-04 21:07:26,4.8,2.77,0,168,8.56
2024-09-04 21:07:28,4.8,2.77,0,168,8.56
2024-09-04 21:07:29,6.2,2.77,0,168,8.59
2024-09-04 21:07:31,1.6,2.77,0,168,8.60
2024-09-04 21:07:32,4.7,2.77,0,168,8.60
2024-09-04 21:07:33,3.3,2.77,0,168,8.64
2024-09-04 21:07:35,1.6,2.77,0,168,8.66
2024-09-04 21:07:36,3.2,2.77,0,168,8.53
2024-09-04 21:07:37,6.3,2.77,0,168,8.52
2024-09-04 21:07:39,1.6,2.77,0,168,8.67
2024-09-04 21:07:40,3.2,2.77,0,168,8.67
2024-09-04 21:07:42,4.8,2.77,0,168,8.72
2024-09-04 21:07:43,3.2,2.77,0,168,8.72
