Time,CPU Usage (%),Used Memory (GB),GPU Usage (%),GPU Used Memory (GB),GPU Power (W)
2024-09-04 20:36:49,100,0.97,0,2,8.43
2024-09-04 20:36:51,3.2,0.98,0,2,8.45
2024-09-04 20:36:52,1.6,0.99,0,2,8.48
2024-09-04 20:36:53,1.6,1.00,0,2,8.46
2024-09-04 20:36:55,1.6,1.00,0,2,8.47
2024-09-04 20:36:56,100,1.00,0,2,8.49
2024-09-04 20:36:57,1.6,1.00,0,2,8.49
2024-09-04 20:36:59,100,1.00,0,2,8.53
2024-09-04 20:37:00,27,1.03,0,2,8.52
2024-09-04 20:37:02,26.2,1.15,0,2,8.48
2024-09-04 20:37:03,25.8,1.26,0,2,8.41
2024-09-04 20:37:04,25.8,1.35,0,2,8.34
2024-09-04 20:37:06,52.4,1.45,0,2,8.36
2024-09-04 20:37:07,100,1.58,0,2,8.43
2024-09-04 20:37:08,26.2,1.91,0,2,8.49
2024-09-04 20:37:10,29,2.11,0,2,8.56
2024-09-04 20:37:11,26.2,2.23,0,2,8.56
2024-09-04 20:37:12,28.6,2.35,0,128,9.43
2024-09-04 20:37:14,27.9,2.74,11,222,37.83
2024-09-04 20:37:15,27.9,2.75,11,222,33.23
2024-09-04 20:37:17,31.2,2.75,12,222,31.92
2024-09-04 20:37:18,30.2,2.76,11,2,31.90
2024-09-04 20:37:19,27.4,1.97,0,2,25.17
2024-09-04 20:37:21,26.2,2.17,0,2,25.17
2024-09-04 20:37:22,25.4,2.27,0,2,11.15
2024-09-04 20:37:23,27.4,2.86,2,216,18.01
2024-09-04 20:37:25,28.6,2.86,7,218,29.91
2024-09-04 20:37:26,27.9,2.86,7,218,26.91
2024-09-04 20:37:28,26.2,2.86,7,218,26.85
2024-09-04 20:37:29,29,2.86,8,218,26.73
2024-09-04 20:37:30,26.7,2.88,7,218,26.61
2024-09-04 20:37:32,27.9,2.88,7,218,26.87
2024-09-04 20:37:33,29,2.89,7,218,27.03
2024-09-04 20:37:34,35.9,1.98,0,2,25.50
2024-09-04 20:37:36,26.2,2.08,0,2,23.62
2024-09-04 20:37:37,27.9,2.22,0,2,19.02
2024-09-04 20:37:38,27.4,2.33,0,2,10.02
2024-09-04 20:37:40,28.6,2.88,19,252,31.21
2024-09-04 20:37:41,30.2,2.88,18,252,36.78
2024-09-04 20:37:43,28.6,2.89,17,252,36.47
2024-09-04 20:37:44,30.2,2.90,17,252,36.71
2024-09-04 20:37:45,27.4,2.90,18,252,36.76
2024-09-04 20:37:47,30.2,2.89,19,2,35.43
2024-09-04 20:37:48,27.9,1.94,0,2,25.69
2024-09-04 20:37:49,28.6,2.16,0,2,20.93
2024-09-04 20:37:51,28.6,2.26,0,2,14.46
2024-09-04 20:37:52,30.8,2.58,2,200,15.98
2024-09-04 20:37:54,25,2.89,7,210,26.75
2024-09-04 20:37:55,28.6,2.89,7,210,26.92
2024-09-04 20:37:56,27.4,2.89,6,210,26.89
2024-09-04 20:37:58,28.6,2.87,7,210,26.93
2024-09-04 20:37:59,27.4,2.89,7,210,26.66
2024-09-04 20:38:00,29.7,2.89,7,210,26.80
2024-09-04 20:38:02,26.2,1.91,0,2,25.85
2024-09-04 20:38:03,25.8,2.15,0,2,23.43
2024-09-04 20:38:05,28.6,2.25,0,2,17.66
2024-09-04 20:38:06,28.6,2.43,2,150,11.35
2024-09-04 20:38:07,28.6,2.87,9,198,27.86
2024-09-04 20:38:09,27.4,2.87,9,198,28.27
2024-09-04 20:38:10,27.4,2.87,9,198,28.17
2024-09-04 20:38:11,26.2,2.88,10,198,28.32
2024-09-04 20:38:13,27.4,2.88,10,198,28.44
2024-09-04 20:38:14,25.4,1.97,0,2,25.02
2024-09-04 20:38:16,25.8,2.17,0,2,24.69
2024-09-04 20:38:17,27.4,2.25,0,2,18.23
2024-09-04 20:38:18,27.9,2.64,1,212,16.77
2024-09-04 20:38:20,26.2,2.75,7,212,26.37
2024-09-04 20:38:21,26.2,2.77,7,212,26.20
2024-09-04 20:38:22,29.7,2.78,6,212,26.18
2024-09-04 20:38:24,28.6,1.95,0,2,25.88
2024-09-04 20:38:25,25.8,2.14,0,2,25.07
2024-09-04 20:38:26,28.6,2.26,0,2,11.46
2024-09-04 20:38:28,27.9,2.39,0,28,9.99
2024-09-04 20:38:29,28.6,2.87,8,208,29.16
2024-09-04 20:38:31,32.3,2.87,9,208,28.30
2024-09-04 20:38:32,29,2.88,8,208,27.79
2024-09-04 20:38:33,27.9,2.88,8,208,27.81
2024-09-04 20:38:35,53.2,2.89,8,208,27.76
2024-09-04 20:38:36,29,2.92,9,208,27.78
2024-09-04 20:38:37,32.8,2.93,3,166,26.55
2024-09-04 20:38:39,27,2.05,0,2,25.01
2024-09-04 20:38:40,29.7,2.24,0,2,25.04
2024-09-04 20:38:41,23,2.35,0,2,18.50
2024-09-04 20:38:43,26.2,2.79,9,258,32.22
2024-09-04 20:38:44,28.6,2.81,10,258,31.88
2024-09-04 20:38:46,29,2.81,9,258,28.73
2024-09-04 20:38:47,28.3,2.81,9,258,28.48
2024-09-04 20:38:48,27.4,2.82,10,258,28.44
2024-09-04 20:38:50,27.4,2.82,10,258,28.52
2024-09-04 20:38:51,27.9,2.82,10,258,28.53
2024-09-04 20:38:52,26.2,2.82,10,258,28.49
2024-09-04 20:38:54,30.8,1.99,0,2,26.98
2024-09-04 20:38:55,24.6,2.18,0,2,25.06
2024-09-04 20:38:57,28.6,2.29,0,2,19.35
2024-09-04 20:38:58,25.4,2.42,0,134,13.20
2024-09-04 20:38:59,26.2,2.90,13,226,33.07
2024-09-04 20:39:01,29,2.90,13,226,34.20
2024-09-04 20:39:02,28.6,2.91,14,226,34.24
2024-09-04 20:39:03,27.9,2.91,13,226,34.35
2024-09-04 20:39:05,30.2,2.92,14,226,34.17
2024-09-04 20:39:06,27.9,2.92,13,226,34.27
2024-09-04 20:39:07,27.4,2.93,14,226,34.32
2024-09-04 20:39:09,37.1,2.93,14,226,34.39
2024-09-04 20:39:10,27.4,2.00,0,2,25.53
2024-09-04 20:39:12,25,2.19,0,2,25.37
2024-09-04 20:39:13,26.2,2.29,0,2,12.21
2024-09-04 20:39:14,29.7,2.74,2,228,16.76
2024-09-04 20:39:16,34.4,2.93,11,228,33.49
2024-09-04 20:39:17,27.9,2.94,11,228,33.53
2024-09-04 20:39:18,28.6,2.94,12,228,33.50
2024-09-04 20:39:20,29.7,2.94,12,228,33.53
2024-09-04 20:39:21,29,2.96,12,166,33.61
2024-09-04 20:39:22,38.1,2.47,8,228,27.35
2024-09-04 20:39:24,41.7,2.48,8,228,28.72
2024-09-04 20:39:25,37.7,2.49,8,228,28.78
2024-09-04 20:39:27,39.1,2.50,8,228,28.81
2024-09-04 20:39:28,39.1,2.50,8,228,28.67
2024-09-04 20:39:29,39.3,2.50,8,228,28.66
2024-09-04 20:39:31,33.3,2.51,0,166,27.26
2024-09-04 20:39:32,1.6,2.51,0,166,25.38
2024-09-04 20:39:33,3.2,2.52,0,166,25.26
2024-09-04 20:39:35,4.7,2.53,0,166,25.35
2024-09-04 20:39:36,1.6,2.53,0,166,25.36
2024-09-04 20:39:38,21.3,2.54,0,166,25.38
2024-09-04 20:39:39,1.6,2.52,0,166,25.43
2024-09-04 20:39:40,3.2,2.52,0,166,25.34
2024-09-04 20:39:42,3.2,2.53,0,166,25.34
2024-09-04 20:39:43,1.6,2.53,0,166,25.28
2024-09-04 20:39:44,7.7,2.53,0,166,25.29
2024-09-04 20:39:46,4.7,2.53,0,166,25.27
2024-09-04 20:39:47,1.6,2.53,0,166,25.27
