Time,CPU Usage (%),Used Memory (GB),GPU Usage (%),GPU Used Memory (GB),GPU Power (W)
2024-09-04 22:17:35,1.6,0.71,0,2,8.84
2024-09-04 22:17:36,100,0.71,0,2,8.78
2024-09-04 22:17:38,3.2,0.71,0,2,8.72
2024-09-04 22:17:39,100,0.71,0,2,8.80
2024-09-04 22:17:41,1.6,0.71,0,2,8.77
2024-09-04 22:17:42,3.2,0.71,0,2,8.70
2024-09-04 22:17:43,3.1,0.71,0,2,8.72
2024-09-04 22:17:45,1.6,0.71,0,2,8.72
2024-09-04 22:17:46,100,0.71,0,2,8.72
2024-09-04 22:17:47,1.6,0.71,0,2,8.83
2024-09-04 22:17:49,100,0.71,0,2,8.85
2024-09-04 22:17:50,3.2,0.72,0,2,8.85
2024-09-04 22:17:52,27,0.76,0,2,8.86
2024-09-04 22:17:53,22.6,0.88,0,2,8.87
2024-09-04 22:17:54,25.8,1.00,0,2,8.89
2024-09-04 22:17:56,26.2,1.09,0,2,8.85
2024-09-04 22:17:57,52.4,1.20,0,2,8.76
2024-09-04 22:17:58,30.2,1.60,0,2,8.80
2024-09-04 22:18:00,27.4,1.77,0,2,8.78
2024-09-04 22:18:01,29.5,1.91,0,2,8.80
2024-09-04 22:18:02,23,2.02,0,2,8.76
2024-09-04 22:18:04,30.2,2.56,5,208,29.80
2024-09-04 22:18:05,28.6,2.56,5,208,27.77
2024-09-04 22:18:07,27.9,2.56,5,208,25.73
2024-09-04 22:18:08,26.2,2.56,5,208,25.76
2024-09-04 22:18:09,29,2.58,5,208,25.71
2024-09-04 22:18:11,23,1.64,0,2,25.08
2024-09-04 22:18:12,29.7,1.80,0,2,24.81
2024-09-04 22:18:13,28.6,1.93,0,2,19.15
2024-09-04 22:18:15,22,2.05,0,2,9.18
2024-09-04 22:18:16,30.2,2.44,4,188,30.56
2024-09-04 22:18:17,27.9,2.46,4,188,27.70
2024-09-04 22:18:19,30.2,2.47,4,188,25.77
2024-09-04 22:18:20,26.7,2.48,4,188,25.76
2024-09-04 22:18:22,26.7,2.48,4,188,25.80
2024-09-04 22:18:23,28.6,2.49,4,188,25.95
2024-09-04 22:18:24,28.6,2.49,4,188,25.94
2024-09-04 22:18:26,53.2,2.48,0,2,24.99
2024-09-04 22:18:27,24.6,1.84,0,2,25.19
2024-09-04 22:18:28,27.4,1.96,0,2,25.05
2024-09-04 22:18:30,28.6,2.07,0,19,9.74
2024-09-04 22:18:31,30.2,2.56,5,188,30.78
2024-09-04 22:18:33,27.4,2.57,5,188,26.74
2024-09-04 22:18:34,27.9,2.58,5,188,25.92
2024-09-04 22:18:35,27.1,2.58,5,188,25.99
2024-09-04 22:18:37,27.4,2.59,5,188,25.99
2024-09-04 22:18:38,29,2.59,4,188,25.92
2024-09-04 22:18:40,4.8,1.65,0,2,25.69
2024-09-04 22:18:41,27.4,1.74,0,2,25.28
2024-09-04 22:18:42,26.2,1.92,0,2,11.08
2024-09-04 22:18:44,24.6,2.02,0,2,10.08
2024-09-04 22:18:45,28.6,2.58,5,188,30.08
2024-09-04 22:18:46,27.4,2.59,5,188,28.76
2024-09-04 22:18:48,28.6,2.60,5,188,26.38
2024-09-04 22:18:49,31.7,2.62,5,188,26.48
2024-09-04 22:18:50,3.3,2.62,0,166,26.09
2024-09-04 22:18:52,26.2,1.74,0,2,25.26
2024-09-04 22:18:53,28.6,1.93,0,2,25.22
2024-09-04 22:18:55,27,2.03,0,2,15.96
2024-09-04 22:18:56,26.2,2.47,4,208,28.74
2024-09-04 22:18:57,29,2.47,4,208,29.99
2024-09-04 22:18:59,29.5,2.49,4,208,26.23
2024-09-04 22:19:00,27.4,2.49,4,208,26.21
2024-09-04 22:19:01,29.7,2.49,4,208,26.24
2024-09-04 22:19:03,26.2,2.49,4,208,26.20
2024-09-04 22:19:04,27.9,1.65,0,2,25.42
2024-09-04 22:19:05,25.8,1.87,0,2,25.06
2024-09-04 22:19:07,27.4,1.98,0,2,9.60
2024-09-04 22:19:08,29,2.16,2,178,14.06
2024-09-04 22:19:10,27.4,2.45,4,208,31.26
2024-09-04 22:19:11,29,2.46,4,208,26.19
2024-09-04 22:19:12,29,2.47,4,208,26.19
2024-09-04 22:19:14,27.4,2.49,4,208,26.11
2024-09-04 22:19:15,31.7,2.49,4,208,26.10
2024-09-04 22:19:16,27.9,2.49,4,208,26.07
2024-09-04 22:19:18,26.7,1.65,0,2,25.33
2024-09-04 22:19:19,29,1.83,0,2,20.53
2024-09-04 22:19:21,28.6,1.95,0,2,10.33
2024-09-04 22:19:22,26.2,2.06,0,19,10.35
2024-09-04 22:19:23,29.7,2.43,4,188,31.45
2024-09-04 22:19:25,27.9,2.44,4,188,27.64
2024-09-04 22:19:26,30.2,2.45,4,188,26.82
2024-09-04 22:19:27,26.7,2.46,4,188,26.68
2024-09-04 22:19:29,36.5,2.46,4,188,26.74
2024-09-04 22:19:30,29,1.66,0,2,25.61
2024-09-04 22:19:32,26.2,1.88,0,2,24.38
2024-09-04 22:19:33,27.9,1.98,0,2,17.90
2024-09-04 22:19:34,27.9,2.18,2,178,15.15
2024-09-04 22:19:36,25,2.60,5,188,32.22
2024-09-04 22:19:37,29,2.61,5,188,27.04
2024-09-04 22:19:38,27.4,2.61,5,188,27.01
2024-09-04 22:19:40,27.4,2.62,5,188,27.06
2024-09-04 22:19:41,31.7,2.63,5,166,27.05
2024-09-04 22:19:42,26.2,1.70,0,2,25.66
2024-09-04 22:19:44,25.8,1.90,0,2,22.18
2024-09-04 22:19:45,27.4,2.00,0,2,10.26
2024-09-04 22:19:47,30.2,2.55,1,208,19.43
2024-09-04 22:19:48,31.7,2.56,5,208,31.21
2024-09-04 22:19:49,52.4,2.58,4,208,26.42
2024-09-04 22:19:51,27.4,2.62,5,208,26.41
2024-09-04 22:19:52,29,2.63,5,208,26.40
2024-09-04 22:19:53,28.6,2.62,5,208,26.43
2024-09-04 22:19:55,29,2.62,5,208,26.44
2024-09-04 22:19:56,30.2,2.63,5,208,26.45
2024-09-04 22:19:58,25.4,2.63,5,208,26.34
2024-09-04 22:19:59,26.2,1.73,0,2,26.11
2024-09-04 22:20:00,24.2,1.90,0,2,25.60
2024-09-04 22:20:02,29,2.00,0,2,18.61
2024-09-04 22:20:03,28.6,2.14,0,28,9.39
2024-09-04 22:20:04,29,2.61,5,208,31.33
2024-09-04 22:20:06,28.6,2.63,5,208,27.53
2024-09-04 22:20:07,28.6,2.63,5,208,26.55
2024-09-04 22:20:08,27.9,2.63,5,208,26.63
2024-09-04 22:20:10,27.4,2.63,5,208,26.57
2024-09-04 22:20:11,29,2.63,5,208,26.69
2024-09-04 22:20:13,27.4,2.63,5,208,26.72
2024-09-04 22:20:14,27.4,2.63,5,208,26.69
2024-09-04 22:20:15,26.7,2.64,5,208,26.76
2024-09-04 22:20:17,29.5,2.64,5,208,26.76
2024-09-04 22:20:18,37.7,2.07,3,188,26.65
2024-09-04 22:20:19,38.7,2.07,3,188,26.66
2024-09-04 22:20:21,38.3,2.07,3,188,26.75
2024-09-04 22:20:22,43.5,2.09,3,188,26.81
2024-09-04 22:20:24,41.3,2.09,3,188,26.75
2024-09-04 22:20:25,38.7,2.10,3,188,26.75
2024-09-04 22:20:26,39.1,2.10,0,166,26.03
2024-09-04 22:20:28,27.4,2.25,0,166,25.42
2024-09-04 22:20:29,28.6,2.38,0,166,25.40
2024-09-04 22:20:30,27,2.49,0,291,25.51
2024-09-04 22:20:32,29,2.99,5,369,26.04
2024-09-04 22:20:33,30.2,3.01,5,369,26.47
2024-09-04 22:20:35,27.9,3.01,5,369,26.31
2024-09-04 22:20:36,27.4,3.02,5,369,26.58
2024-09-04 22:20:37,27.4,3.02,5,369,26.62
2024-09-04 22:20:39,43.5,3.02,0,329,25.75
2024-09-04 22:20:40,29,2.25,0,166,25.73
2024-09-04 22:20:41,27.4,2.38,0,166,25.51
2024-09-04 22:20:43,25.8,2.50,2,291,25.67
2024-09-04 22:20:44,29,2.86,4,349,26.51
2024-09-04 22:20:45,26.2,2.87,4,349,26.47
2024-09-04 22:20:47,27.9,2.88,4,349,26.42
2024-09-04 22:20:48,30.2,2.90,4,349,26.47
2024-09-04 22:20:50,26.2,2.88,4,349,26.55
2024-09-04 22:20:51,29.7,2.88,4,349,26.54
2024-09-04 22:20:52,30.8,2.88,4,349,26.40
2024-09-04 22:20:54,27,2.11,0,166,25.91
2024-09-04 22:20:55,27.4,2.28,0,166,25.06
2024-09-04 22:20:56,26.2,2.40,0,166,18.31
2024-09-04 22:20:58,27.4,2.55,0,291,10.69
2024-09-04 22:20:59,27.9,2.97,4,349,31.53
2024-09-04 22:21:01,26.2,2.98,5,349,27.10
2024-09-04 22:21:02,32.8,2.99,5,349,26.52
2024-09-04 22:21:03,27.4,3.00,5,349,26.63
2024-09-04 22:21:05,27.4,3.00,5,349,26.58
2024-09-04 22:21:06,29,3.00,5,349,26.67
2024-09-04 22:21:07,14.5,3.01,5,329,26.45
2024-09-04 22:21:09,28.6,2.19,2,166,25.80
2024-09-04 22:21:10,29.7,2.37,0,166,25.85
2024-09-04 22:21:12,27.4,2.48,0,166,15.56
2024-09-04 22:21:13,29.2,2.99,5,349,26.71
2024-09-04 22:21:14,29,3.00,5,349,27.70
2024-09-04 22:21:16,27.4,3.01,5,349,27.49
2024-09-04 22:21:17,29,3.01,5,349,27.72
2024-09-04 22:21:18,30.2,3.02,5,327,27.60
2024-09-04 22:21:20,27.4,2.19,0,166,26.33
2024-09-04 22:21:21,27.4,2.38,0,166,19.45
2024-09-04 22:21:22,27.4,2.47,0,166,10.39
2024-09-04 22:21:24,27.9,2.87,4,369,27.01
2024-09-04 22:21:25,29,2.88,4,369,27.54
2024-09-04 22:21:27,26.2,2.88,4,369,27.29
2024-09-04 22:21:28,29,2.88,4,369,27.42
2024-09-04 22:21:29,27.9,2.88,4,369,27.35
2024-09-04 22:21:31,32.3,2.89,4,369,27.34
2024-09-04 22:21:32,27.9,2.09,0,166,26.31
2024-09-04 22:21:33,27,2.34,0,166,25.92
2024-09-04 22:21:35,25,2.43,0,166,18.67
2024-09-04 22:21:36,29,2.60,0,339,17.27
2024-09-04 22:21:38,30.2,2.85,4,369,27.48
2024-09-04 22:21:39,28.6,2.87,4,369,26.99
2024-09-04 22:21:40,30.2,2.87,4,369,26.94
2024-09-04 22:21:42,27.4,2.86,4,369,26.88
2024-09-04 22:21:43,29.7,2.87,4,369,27.13
2024-09-04 22:21:44,28.6,2.88,4,369,27.14
2024-09-04 22:21:46,49.2,2.96,0,166,26.18
2024-09-04 22:21:47,29.7,2.36,0,166,26.16
2024-09-04 22:21:49,26.2,2.46,0,166,15.73
2024-09-04 22:21:50,34.4,2.87,4,349,27.04
2024-09-04 22:21:51,31.2,2.89,4,349,27.94
2024-09-04 22:21:53,54,2.90,4,349,27.75
2024-09-04 22:21:54,34.4,2.92,4,349,27.82
2024-09-04 22:21:55,27.9,2.93,4,349,27.95
2024-09-04 22:21:57,27.4,2.13,0,166,27.31
2024-09-04 22:21:58,27.4,2.29,0,166,26.37
2024-09-04 22:21:59,26.2,2.42,0,166,15.88
2024-09-04 22:22:01,30.2,2.53,0,291,10.47
2024-09-04 22:22:02,29,3.01,5,349,27.66
2024-09-04 22:22:04,26.2,3.02,5,349,27.84
2024-09-04 22:22:05,26.2,3.01,5,349,27.87
2024-09-04 22:22:06,30.8,3.01,5,349,27.86
2024-09-04 22:22:08,27.9,3.01,5,349,27.90
2024-09-04 22:22:09,27.4,2.10,0,166,26.73
2024-09-04 22:22:10,28.1,2.32,0,166,20.68
2024-09-04 22:22:12,26.2,2.43,0,166,16.13
2024-09-04 22:22:13,29,2.59,2,309,13.89
2024-09-04 22:22:14,30.2,3.00,5,369,27.19
2024-09-04 22:22:16,29,3.01,5,369,27.22
2024-09-04 22:22:17,32.8,3.02,5,369,27.17
2024-09-04 22:22:19,27.4,3.02,5,369,27.23
2024-09-04 22:22:20,30.2,3.02,5,369,27.36
2024-09-04 22:22:21,29,3.02,5,369,27.28
2024-09-04 22:22:23,26.2,3.02,5,369,27.15
2024-09-04 22:22:24,28.6,3.02,5,369,27.32
2024-09-04 22:22:25,30.2,3.03,5,166,27.33
2024-09-04 22:22:27,27.9,2.19,0,166,26.20
2024-09-04 22:22:28,27.9,2.37,0,166,20.20
2024-09-04 22:22:30,23,2.48,0,180,9.42
2024-09-04 22:22:31,29.5,2.99,5,369,26.65
2024-09-04 22:22:32,29,3.01,5,369,27.12
2024-09-04 22:22:34,29,3.01,4,369,27.13
2024-09-04 22:22:35,31.1,3.01,5,369,27.27
2024-09-04 22:22:37,29,3.01,5,369,27.40
2024-09-04 22:22:38,28.6,3.00,5,369,27.38
2024-09-04 22:22:39,28.3,3.01,4,369,27.34
2024-09-04 22:22:41,29.7,3.01,5,369,27.32
2024-09-04 22:22:42,29.7,3.01,5,369,27.29
2024-09-04 22:22:43,28.6,3.01,5,369,27.33
2024-09-04 22:22:45,35.5,2.17,3,208,27.31
2024-09-04 22:22:46,41.9,2.23,4,208,27.12
2024-09-04 22:22:48,37.7,2.24,4,208,27.17
2024-09-04 22:22:49,39.7,2.24,4,208,27.13
2024-09-04 22:22:50,38.1,2.25,4,208,27.14
2024-09-04 22:22:52,35.6,2.25,4,208,27.13
2024-09-04 22:22:53,27.4,2.25,0,166,26.47
2024-09-04 22:22:54,26.2,2.41,0,166,26.11
2024-09-04 22:22:56,25.8,2.54,0,166,26.24
2024-09-04 22:22:57,27.9,2.70,0,291,26.40
2024-09-04 22:22:59,27.9,3.14,5,369,27.17
2024-09-04 22:23:00,29.7,3.15,5,369,27.46
2024-09-04 22:23:01,29,3.15,5,369,27.23
2024-09-04 22:23:03,30.2,3.15,5,369,27.51
2024-09-04 22:23:04,29,3.15,5,369,27.53
2024-09-04 22:23:05,24.6,2.30,0,166,26.48
2024-09-04 22:23:07,26.2,2.48,0,166,26.28
2024-09-04 22:23:08,29,2.58,0,166,26.35
2024-09-04 22:23:10,26.7,2.99,4,349,27.11
2024-09-04 22:23:11,31.2,3.01,4,349,27.49
2024-09-04 22:23:12,29,3.01,1,349,27.51
2024-09-04 22:23:14,27.4,3.02,4,349,27.81
2024-09-04 22:23:15,27.9,3.03,4,349,27.70
2024-09-04 22:23:16,29.5,3.03,4,349,27.57
2024-09-04 22:23:18,27.4,3.03,4,349,27.49
2024-09-04 22:23:19,3.3,2.24,0,166,27.42
2024-09-04 22:23:20,24.2,2.30,0,166,26.86
2024-09-04 22:23:22,25.8,2.49,0,166,20.36
2024-09-04 22:23:23,28.6,2.60,0,166,11.95
2024-09-04 22:23:25,27.9,3.12,2,349,18.68
2024-09-04 22:23:26,29,3.13,5,349,27.86
2024-09-04 22:23:27,29.5,3.13,5,349,27.80
2024-09-04 22:23:29,29,3.13,5,349,27.72
2024-09-04 22:23:30,27.9,3.13,5,349,27.84
2024-09-04 22:23:31,30.2,3.14,5,349,27.87
2024-09-04 22:23:33,30.2,3.14,5,349,27.83
2024-09-04 22:23:34,26.2,2.26,0,166,26.75
2024-09-04 22:23:36,28.6,2.49,0,166,24.77
2024-09-04 22:23:37,27.4,2.58,0,166,18.20
2024-09-04 22:23:38,29,2.81,2,339,18.88
2024-09-04 22:23:40,30.2,3.13,5,349,28.21
2024-09-04 22:23:41,29,3.13,5,349,28.02
2024-09-04 22:23:42,26.7,3.14,5,349,28.27
2024-09-04 22:23:44,28.6,3.16,5,349,28.12
2024-09-04 22:23:45,52.4,3.16,0,327,26.89
2024-09-04 22:23:47,26.7,2.48,0,166,26.70
2024-09-04 22:23:48,27.4,2.58,0,166,17.20
2024-09-04 22:23:49,29.7,2.76,1,339,15.84
2024-09-04 22:23:51,26.2,3.05,4,369,27.34
2024-09-04 22:23:52,27.4,3.05,2,369,27.23
2024-09-04 22:23:53,27.9,3.06,4,369,27.61
2024-09-04 22:23:55,31.1,3.06,4,369,27.60
2024-09-04 22:23:56,29.5,3.06,4,369,27.65
2024-09-04 22:23:57,27.4,2.30,0,166,27.14
2024-09-04 22:23:59,28.6,2.35,0,166,26.53
2024-09-04 22:24:00,27.9,2.55,0,166,13.10
2024-09-04 22:24:02,24.2,2.65,0,166,10.31
2024-09-04 22:24:03,27.4,3.03,4,369,31.86
2024-09-04 22:24:04,27.9,3.04,4,369,29.73
2024-09-04 22:24:06,27.4,3.04,3,369,27.13
2024-09-04 22:24:07,27.9,3.04,4,369,27.38
2024-09-04 22:24:08,29,3.05,4,369,27.54
2024-09-04 22:24:10,27.4,3.07,4,369,27.40
2024-09-04 22:24:11,4.8,2.28,2,166,27.23
2024-09-04 22:24:12,24.6,2.32,0,166,26.51
2024-09-04 22:24:14,26.2,2.51,0,166,16.35
2024-09-04 22:24:15,29,2.61,0,166,10.72
2024-09-04 22:24:17,27.4,3.04,3,349,18.19
2024-09-04 22:24:18,29,3.04,4,349,27.97
2024-09-04 22:24:19,29,3.05,4,349,27.79
2024-09-04 22:24:21,27.4,3.07,4,349,28.15
2024-09-04 22:24:22,27.4,3.06,4,349,28.06
2024-09-04 22:24:23,6.2,2.28,2,166,27.67
2024-09-04 22:24:25,26.2,2.36,0,166,26.76
2024-09-04 22:24:26,29.5,2.54,0,166,18.53
2024-09-04 22:24:28,23.7,2.65,0,180,10.84
2024-09-04 22:24:29,29.7,3.17,6,349,27.78
2024-09-04 22:24:30,30,3.18,5,349,28.43
2024-09-04 22:24:32,29,3.20,5,349,28.16
2024-09-04 22:24:33,28.6,3.20,5,349,28.34
2024-09-04 22:24:35,30.6,3.20,5,349,28.40
2024-09-04 22:24:36,27.4,2.31,0,166,27.27
2024-09-04 22:24:37,26.2,2.48,0,166,22.53
2024-09-04 22:24:39,26.2,2.59,0,166,16.71
2024-09-04 22:24:40,28.6,2.76,2,291,13.75
2024-09-04 22:24:41,27.9,3.16,5,369,27.48
2024-09-04 22:24:43,26.2,3.17,5,369,27.80
2024-09-04 22:24:44,27.4,3.18,5,369,27.73
2024-09-04 22:24:46,29.5,3.18,5,369,27.84
2024-09-04 22:24:47,27.9,3.18,5,369,27.85
2024-09-04 22:24:48,30.6,3.18,5,369,27.86
2024-09-04 22:24:50,29.5,3.18,5,369,27.92
2024-09-04 22:24:51,30.2,3.18,5,369,27.87
2024-09-04 22:24:52,30.6,3.18,5,329,28.04
2024-09-04 22:24:54,27.4,2.34,0,166,27.02
2024-09-04 22:24:55,27.4,2.52,0,166,21.68
2024-09-04 22:24:56,25.8,2.64,0,166,10.83
2024-09-04 22:24:58,28.6,3.17,5,369,29.06
2024-09-04 22:24:59,31.2,3.18,5,369,28.73
2024-09-04 22:25:01,29,3.19,3,369,27.51
2024-09-04 22:25:02,30.2,3.20,5,369,27.53
2024-09-04 22:25:03,32.3,3.20,5,369,27.52
2024-09-04 22:25:05,28.6,3.20,5,369,27.65
2024-09-04 22:25:06,27.9,3.20,5,369,27.66
2024-09-04 22:25:07,27.4,3.21,5,369,27.58
2024-09-04 22:25:09,30.2,3.21,5,369,27.59
2024-09-04 22:25:10,30.6,3.21,5,369,27.36
2024-09-04 22:25:12,46.7,2.95,3,188,27.30
2024-09-04 22:25:13,56.5,2.31,3,188,27.26
2024-09-04 22:25:14,37.7,2.28,3,188,27.23
2024-09-04 22:25:16,37.7,2.28,3,188,27.19
2024-09-04 22:25:17,41.5,2.28,4,188,27.18
2024-09-04 22:25:18,39.7,2.28,4,188,27.40
2024-09-04 22:25:20,38.7,2.27,4,188,27.33
2024-09-04 22:25:21,37.7,2.27,4,188,27.36
2024-09-04 22:25:22,41.3,2.28,4,188,27.35
2024-09-04 22:25:24,27.4,2.30,0,166,26.38
2024-09-04 22:25:25,27.4,2.52,0,166,26.25
2024-09-04 22:25:27,26.2,2.62,0,166,26.32
2024-09-04 22:25:28,29,3.06,1,369,26.69
2024-09-04 22:25:29,29,3.19,5,369,27.84
2024-09-04 22:25:31,30.6,3.19,5,369,27.86
2024-09-04 22:25:32,27.4,3.20,5,369,27.80
2024-09-04 22:25:33,25,3.18,5,369,27.73
2024-09-04 22:25:35,25.8,2.29,0,166,27.39
2024-09-04 22:25:36,26.6,2.47,0,166,26.72
2024-09-04 22:25:37,27.9,2.58,0,166,26.28
2024-09-04 22:25:39,29,2.77,2,291,26.50
2024-09-04 22:25:40,30.2,3.06,4,349,27.57
2024-09-04 22:25:42,29,3.07,4,349,27.57
2024-09-04 22:25:43,29,3.07,4,349,27.33
2024-09-04 22:25:44,29,3.08,4,349,27.43
2024-09-04 22:25:46,29,3.08,4,349,27.54
2024-09-04 22:25:47,30.2,3.09,4,349,27.46
2024-09-04 22:25:48,29,3.08,4,349,27.44
2024-09-04 22:25:50,26.2,2.29,0,166,26.70
2024-09-04 22:25:51,24.6,2.45,0,166,18.39
2024-09-04 22:25:53,26.2,2.58,0,166,14.26
2024-09-04 22:25:54,26.2,2.74,2,291,13.74
2024-09-04 22:25:55,26.2,3.15,4,349,32.49
2024-09-04 22:25:57,28.6,3.17,5,349,28.09
2024-09-04 22:25:58,30.6,3.18,5,349,29.44
2024-09-04 22:25:59,31.1,3.19,4,349,28.13
2024-09-04 22:26:01,53.3,3.20,4,349,27.90
2024-09-04 22:26:02,30.2,3.18,5,349,28.03
2024-09-04 22:26:04,4.8,3.19,2,329,27.60
2024-09-04 22:26:05,26.2,2.38,0,166,26.93
2024-09-04 22:26:06,28.6,2.56,0,166,26.88
2024-09-04 22:26:08,26.2,2.66,0,166,15.64
2024-09-04 22:26:09,27.4,3.19,5,349,32.53
2024-09-04 22:26:10,28.6,3.20,5,349,29.73
2024-09-04 22:26:12,29.7,3.21,5,349,28.24
2024-09-04 22:26:13,29.5,3.21,5,349,28.14
2024-09-04 22:26:15,24.6,2.70,5,166,27.96
2024-09-04 22:26:16,27,2.42,0,166,26.67
2024-09-04 22:26:17,26.2,2.59,0,166,21.39
2024-09-04 22:26:19,27.4,2.68,0,181,10.79
2024-09-04 22:26:20,30.2,3.07,4,369,32.48
2024-09-04 22:26:21,29,3.09,4,369,29.39
2024-09-04 22:26:23,29,3.10,4,369,27.68
2024-09-04 22:26:24,29,3.10,4,369,27.68
2024-09-04 22:26:26,27.4,3.10,4,369,27.62
2024-09-04 22:26:27,13.1,3.10,4,327,27.67
2024-09-04 22:26:28,30.2,2.32,2,166,26.61
2024-09-04 22:26:30,30.8,2.54,0,166,26.53
2024-09-04 22:26:31,29.7,2.63,0,166,12.43
2024-09-04 22:26:32,27.4,2.92,1,369,21.02
2024-09-04 22:26:34,28.6,3.06,4,369,31.87
2024-09-04 22:26:35,29,3.07,4,369,27.06
2024-09-04 22:26:37,29,3.08,4,369,26.98
2024-09-04 22:26:38,29,3.08,4,369,26.93
2024-09-04 22:26:39,29.5,3.09,4,369,26.92
2024-09-04 22:26:41,28.6,3.09,4,369,27.07
2024-09-04 22:26:42,27.4,2.32,0,166,26.20
2024-09-04 22:26:43,29,2.50,0,166,16.61
2024-09-04 22:26:45,26.2,2.61,0,166,13.22
2024-09-04 22:26:46,30.2,2.79,2,309,15.02
2024-09-04 22:26:47,27.4,3.06,4,349,27.79
2024-09-04 22:26:49,27.9,3.07,4,349,27.53
2024-09-04 22:26:50,29,3.08,4,349,27.81
2024-09-04 22:26:52,29,3.09,4,349,27.80
2024-09-04 22:26:53,28.3,3.09,4,166,27.64
2024-09-04 22:26:54,26.7,2.32,0,166,26.45
2024-09-04 22:26:56,28.1,2.55,0,166,26.15
2024-09-04 22:26:57,26.2,2.64,0,166,11.78
2024-09-04 22:26:58,29,2.91,1,339,19.09
2024-09-04 22:27:00,26.7,3.22,5,349,32.44
2024-09-04 22:27:01,27.9,3.22,5,349,27.41
2024-09-04 22:27:02,27.4,3.23,5,349,27.58
2024-09-04 22:27:04,30.2,3.22,5,349,27.74
2024-09-04 22:27:05,28.3,3.22,5,166,27.55
2024-09-04 22:27:07,27.4,2.36,0,166,26.06
2024-09-04 22:27:08,27.4,2.55,0,166,23.83
2024-09-04 22:27:09,24.2,2.65,0,166,10.57
2024-09-04 22:27:11,27.9,3.19,3,369,20.78
2024-09-04 22:27:12,29,3.19,5,369,27.22
2024-09-04 22:27:13,30.6,3.19,5,369,27.03
2024-09-04 22:27:15,72.6,3.22,4,369,27.18
2024-09-04 22:27:16,29,3.20,5,369,27.44
2024-09-04 22:27:18,29,3.20,5,369,27.21
2024-09-04 22:27:19,29,3.20,5,369,27.11
2024-09-04 22:27:20,30.2,3.20,5,369,27.33
2024-09-04 22:27:22,29,3.20,5,369,27.17
2024-09-04 22:27:23,53.1,3.20,0,329,26.70
2024-09-04 22:27:24,26.2,2.51,0,166,26.28
2024-09-04 22:27:26,25.8,2.62,0,166,26.24
2024-09-04 22:27:27,33.3,2.78,2,309,15.18
2024-09-04 22:27:29,32.8,3.17,5,369,28.84
2024-09-04 22:27:30,26.7,3.18,5,369,26.98
2024-09-04 22:27:31,32.3,3.19,5,369,26.76
2024-09-04 22:27:33,30.2,3.17,5,369,26.73
2024-09-04 22:27:34,29,3.19,5,369,26.77
2024-09-04 22:27:35,26.2,3.19,5,369,26.84
2024-09-04 22:27:37,27.4,3.18,5,369,26.94
2024-09-04 22:27:38,28.6,3.18,5,369,26.96
2024-09-04 22:27:39,28.6,3.18,5,369,26.85
2024-09-04 22:27:41,30.2,3.18,5,369,26.83
2024-09-04 22:27:42,62.9,3.19,3,371,26.66
2024-09-04 22:27:44,39.7,2.28,3,208,26.92
2024-09-04 22:27:45,40.6,2.28,4,208,26.65
2024-09-04 22:27:46,38.7,2.28,4,208,26.92
2024-09-04 22:27:48,38.7,2.28,3,208,26.80
2024-09-04 22:27:49,37.7,2.28,4,208,26.80
2024-09-04 22:27:50,47.5,2.28,3,166,26.74
2024-09-04 22:27:52,32.3,2.32,0,166,25.74
2024-09-04 22:27:53,28.6,2.54,0,166,25.70
2024-09-04 22:27:55,28.6,2.63,0,166,25.75
2024-09-04 22:27:56,26.2,3.06,2,369,25.94
2024-09-04 22:27:57,31.2,3.18,5,369,26.82
2024-09-04 22:27:59,32.3,3.19,5,369,27.00
2024-09-04 22:28:00,29,3.20,5,369,26.92
2024-09-04 22:28:01,29,3.20,5,369,26.88
2024-09-04 22:28:03,45.2,3.22,0,329,26.42
2024-09-04 22:28:04,51.6,2.48,0,166,26.00
2024-09-04 22:28:06,25,2.60,0,166,25.98
2024-09-04 22:28:07,29,2.76,0,291,26.02
2024-09-04 22:28:08,29,3.06,4,349,26.57
2024-09-04 22:28:10,29,3.06,4,349,26.64
2024-09-04 22:28:11,30.2,3.07,4,349,26.50
2024-09-04 22:28:12,30.2,3.08,4,349,26.59
2024-09-04 22:28:14,29,3.08,4,349,26.58
2024-09-04 22:28:15,31.7,3.08,4,349,26.46
2024-09-04 22:28:17,27.9,3.08,4,349,26.68
2024-09-04 22:28:18,27.4,2.33,0,166,25.92
2024-09-04 22:28:19,28.6,2.52,0,166,25.88
2024-09-04 22:28:21,27.4,2.63,0,166,19.51
2024-09-04 22:28:22,30.2,2.80,1,291,16.11
2024-09-04 22:28:23,30.2,3.22,5,349,31.80
2024-09-04 22:28:25,29,3.22,5,349,26.64
2024-09-04 22:28:26,26.7,3.22,5,349,26.43
2024-09-04 22:28:28,31.1,3.22,5,349,26.46
2024-09-04 22:28:29,30.2,3.22,5,349,26.53
2024-09-04 22:28:30,30.6,3.22,4,349,26.53
2024-09-04 22:28:32,14.8,2.32,0,166,26.09
2024-09-04 22:28:33,29.7,2.44,0,166,25.73
2024-09-04 22:28:34,27.9,2.58,0,166,18.83
2024-09-04 22:28:36,27.9,2.70,0,191,10.05
2024-09-04 22:28:37,29,3.19,5,349,31.41
2024-09-04 22:28:38,29,3.19,5,349,28.27
2024-09-04 22:28:40,30.2,3.20,5,349,26.78
2024-09-04 22:28:41,25.4,3.20,5,349,26.79
2024-09-04 22:28:43,4.9,2.30,0,166,26.80
2024-09-04 22:28:44,26.2,2.40,0,166,25.79
2024-09-04 22:28:45,28.6,2.59,0,166,17.27
2024-09-04 22:28:47,24.2,2.70,0,180,10.31
2024-09-04 22:28:48,29.5,3.06,4,369,31.46
2024-09-04 22:28:49,27.9,3.08,4,369,28.08
2024-09-04 22:28:51,27.9,3.07,4,369,26.31
2024-09-04 22:28:52,27.1,3.09,4,369,26.39
2024-09-04 22:28:54,29,3.09,4,369,26.52
2024-09-04 22:28:55,29.5,3.10,4,166,26.66
2024-09-04 22:28:56,30.2,2.33,0,166,25.94
2024-09-04 22:28:58,30.2,2.53,0,166,15.98
2024-09-04 22:28:59,27,2.63,0,166,9.59
2024-09-04 22:29:00,29,2.92,1,369,19.00
2024-09-04 22:29:02,30.2,3.07,4,369,30.67
2024-09-04 22:29:03,27.9,3.08,4,369,26.27
2024-09-04 22:29:04,27.9,3.09,4,369,26.26
2024-09-04 22:29:06,29,3.09,4,369,26.21
2024-09-04 22:29:07,31.2,3.09,4,369,26.11
2024-09-04 22:29:09,26.2,3.08,4,369,26.15
2024-09-04 22:29:10,28.6,2.33,0,166,25.64
2024-09-04 22:29:11,27.4,2.52,0,166,25.46
2024-09-04 22:29:13,27.9,2.61,0,166,18.79
2024-09-04 22:29:14,29.5,2.79,2,309,17.45
2024-09-04 22:29:15,29.7,3.07,4,349,31.67
2024-09-04 22:29:17,47.5,3.11,2,349,26.36
2024-09-04 22:29:18,27.9,3.08,4,349,26.58
2024-09-04 22:29:20,29,3.08,4,349,26.73
2024-09-04 22:29:21,27.4,3.08,4,349,26.68
2024-09-04 22:29:22,27.9,2.31,0,166,25.73
2024-09-04 22:29:24,28.6,2.55,0,166,25.10
2024-09-04 22:29:25,27.4,2.64,0,166,11.82
2024-09-04 22:29:26,29.5,3.06,1,349,21.81
2024-09-04 22:29:28,29.5,3.19,5,349,31.19
2024-09-04 22:29:29,27.9,3.20,5,349,26.76
2024-09-04 22:29:31,26.7,3.20,5,349,26.73
2024-09-04 22:29:32,30.2,3.21,5,349,26.91
2024-09-04 22:29:33,28.6,3.22,5,166,26.94
2024-09-04 22:29:35,29.7,2.36,0,166,25.80
2024-09-04 22:29:36,29.7,2.53,0,166,23.99
2024-09-04 22:29:37,29.7,2.65,0,166,10.65
2024-09-04 22:29:39,26.7,3.16,3,369,26.10
2024-09-04 22:29:40,29,3.18,5,369,26.53
2024-09-04 22:29:42,30.2,3.19,5,369,26.26
2024-09-04 22:29:43,29.5,3.19,5,369,26.33
2024-09-04 22:29:44,27.9,3.19,5,369,26.36
2024-09-04 22:29:46,30.6,3.19,5,369,26.34
2024-09-04 22:29:47,27.4,3.19,5,369,26.31
2024-09-04 22:29:48,29,3.19,5,369,26.53
2024-09-04 22:29:50,30.2,3.19,5,369,26.51
2024-09-04 22:29:51,28.6,2.31,0,166,25.89
2024-09-04 22:29:53,27.4,2.52,0,166,24.39
2024-09-04 22:29:54,27,2.62,0,166,18.28
2024-09-04 22:29:55,27.9,2.82,1,339,21.96
2024-09-04 22:29:57,30.2,3.20,4,369,31.58
2024-09-04 22:29:58,31.7,3.19,5,369,26.40
2024-09-04 22:29:59,31.2,3.19,5,369,26.21
2024-09-04 22:30:01,29,3.19,5,369,26.23
2024-09-04 22:30:02,30.2,3.20,5,369,26.25
2024-09-04 22:30:03,30.6,3.21,5,369,26.25
2024-09-04 22:30:05,29,3.21,5,369,26.29
2024-09-04 22:30:06,30.6,3.21,5,369,26.21
2024-09-04 22:30:08,32.3,3.21,4,369,26.25
2024-09-04 22:30:09,30.2,3.21,4,369,26.38
2024-09-04 22:30:10,78.5,3.22,3,371,26.17
2024-09-04 22:30:12,38.3,2.33,4,208,26.11
2024-09-04 22:30:13,39.3,2.34,4,208,26.04
2024-09-04 22:30:14,36.1,2.34,4,208,26.12
2024-09-04 22:30:16,37.7,2.33,4,208,26.17
2024-09-04 22:30:17,38.7,2.33,4,208,26.13
2024-09-04 22:30:19,38.3,2.33,4,208,26.11
2024-09-04 22:30:20,88.7,2.32,4,166,26.08
2024-09-04 22:30:21,27.4,2.39,0,166,25.52
2024-09-04 22:30:23,27.4,2.57,0,166,25.52
2024-09-04 22:30:24,24.2,2.68,0,166,25.51
2024-09-04 22:30:26,29.5,3.23,5,369,26.06
2024-09-04 22:30:27,29,3.23,5,369,26.43
2024-09-04 22:30:28,30.6,3.23,4,369,26.32
2024-09-04 22:30:30,30.6,3.23,5,369,26.43
2024-09-04 22:30:31,31.1,3.24,5,369,26.46
2024-09-04 22:30:32,1.6,2.31,0,166,26.09
2024-09-04 22:30:34,27.4,2.40,0,166,25.55
2024-09-04 22:30:35,26.2,2.59,0,166,25.56
2024-09-04 22:30:36,27.4,2.70,0,166,25.59
2024-09-04 22:30:38,29.7,3.10,4,349,25.83
2024-09-04 22:30:39,30.2,3.11,4,349,25.94
2024-09-04 22:30:41,26.7,3.11,1,349,25.85
2024-09-04 22:30:42,26.7,3.11,4,349,26.01
2024-09-04 22:30:43,31.7,3.11,4,349,25.87
2024-09-04 22:30:45,27.4,3.12,4,349,25.97
2024-09-04 22:30:46,31.7,3.12,4,349,26.02
2024-09-04 22:30:47,4.8,2.33,0,166,25.81
2024-09-04 22:30:49,26.2,2.41,0,166,17.32
2024-09-04 22:30:50,28.6,2.60,0,166,13.38
2024-09-04 22:30:52,25.8,2.70,0,180,9.55
2024-09-04 22:30:53,30.8,3.21,5,349,29.70
2024-09-04 22:30:54,29.7,3.21,5,349,27.21
2024-09-04 22:30:56,27.1,3.20,5,349,25.91
2024-09-04 22:30:57,27.9,3.21,5,349,26.10
2024-09-04 22:30:59,31.2,3.21,5,349,26.08
2024-09-04 22:31:00,29.5,3.22,5,349,26.04
2024-09-04 22:31:01,4.9,2.37,3,166,26.19
2024-09-04 22:31:03,29,2.37,0,166,25.53
2024-09-04 22:31:04,27,2.57,0,166,25.45
2024-09-04 22:31:05,24.2,2.66,0,166,10.76
2024-09-04 22:31:07,30.2,3.19,2,349,20.10
2024-09-04 22:31:08,29,3.20,5,349,26.85
2024-09-04 22:31:09,29,3.21,5,349,26.73
2024-09-04 22:31:11,30.6,3.23,5,349,26.95
2024-09-04 22:31:12,29,3.23,5,349,26.85
2024-09-04 22:31:14,28.3,2.38,0,166,25.68
2024-09-04 22:31:15,26.2,2.56,0,166,22.39
2024-09-04 22:31:16,24.6,2.68,0,166,16.74
2024-09-04 22:31:18,31.7,3.08,3,369,22.28
2024-09-04 22:31:19,50,3.12,4,369,26.12
2024-09-04 22:31:20,26.7,3.09,4,369,26.00
2024-09-04 22:31:22,27.9,3.09,4,369,26.08
2024-09-04 22:31:23,30.6,3.10,4,369,26.13
2024-09-04 22:31:25,28.6,3.10,4,369,26.18
2024-09-04 22:31:26,28.6,2.33,0,166,25.46
2024-09-04 22:31:27,24.6,2.52,0,166,16.33
2024-09-04 22:31:29,26.7,2.64,0,166,12.69
2024-09-04 22:31:30,29,2.81,0,291,13.31
2024-09-04 22:31:31,30.6,3.09,4,369,25.95
2024-09-04 22:31:33,29.5,3.10,4,369,26.01
2024-09-04 22:31:34,27.4,3.10,4,369,25.95
2024-09-04 22:31:35,30.2,3.11,4,369,26.08
2024-09-04 22:31:37,29.5,3.11,4,369,26.01
2024-09-04 22:31:38,31.7,3.11,4,369,26.02
2024-09-04 22:31:40,28.1,2.37,0,166,25.66
2024-09-04 22:31:41,29.5,2.57,0,166,20.06
2024-09-04 22:31:42,27,2.66,0,166,15.47
2024-09-04 22:31:44,26.7,3.10,3,349,24.81
2024-09-04 22:31:45,27.9,3.12,4,349,26.59
2024-09-04 22:31:46,30.2,3.12,4,349,26.31
2024-09-04 22:31:48,29.5,3.13,4,349,26.62
2024-09-04 22:31:49,28.6,3.13,4,349,26.44
2024-09-04 22:31:51,6.2,2.33,0,166,26.25
2024-09-04 22:31:52,27.4,2.42,0,166,25.48
2024-09-04 22:31:53,26.2,2.59,0,166,19.05
2024-09-04 22:31:55,23,2.69,0,180,10.19
2024-09-04 22:31:56,27.9,3.21,5,349,26.18
2024-09-04 22:31:57,29.7,3.22,5,349,27.00
2024-09-04 22:31:59,30.6,3.22,5,349,26.84
2024-09-04 22:32:00,30.6,3.23,5,349,26.99
2024-09-04 22:32:02,28.6,3.24,5,349,27.04
2024-09-04 22:32:03,26.2,2.35,0,166,26.31
2024-09-04 22:32:04,24.6,2.52,0,166,25.65
2024-09-04 22:32:06,27.4,2.63,0,166,17.21
2024-09-04 22:32:07,29,2.77,2,291,10.82
2024-09-04 22:32:08,29,3.23,5,369,31.07
2024-09-04 22:32:10,30.6,3.24,5,369,26.55
2024-09-04 22:32:11,34.4,3.25,5,369,26.02
2024-09-04 22:32:12,29.5,3.25,5,369,26.11
2024-09-04 22:32:14,53.2,3.23,4,369,26.01
2024-09-04 22:32:15,30.2,3.25,5,369,25.98
2024-09-04 22:32:17,30.2,3.25,5,369,26.07
2024-09-04 22:32:18,32.8,3.25,5,369,26.19
2024-09-04 22:32:19,29,3.26,5,369,26.19
2024-09-04 22:32:21,27.9,2.33,0,166,25.43
2024-09-04 22:32:22,27.4,2.51,0,166,18.03
2024-09-04 22:32:24,27.4,2.63,0,166,13.81
2024-09-04 22:32:25,29.5,2.77,2,291,12.98
2024-09-04 22:32:26,27.9,3.21,5,369,25.96
2024-09-04 22:32:28,28.3,3.22,5,369,25.95
2024-09-04 22:32:29,30.2,3.22,5,369,25.92
2024-09-04 22:32:30,30.6,3.23,5,369,26.02
2024-09-04 22:32:32,30.2,3.23,5,369,26.02
2024-09-04 22:32:33,27.9,3.23,5,369,26.13
2024-09-04 22:32:34,31.2,3.23,5,369,26.13
2024-09-04 22:32:36,27.4,3.23,5,369,26.36
2024-09-04 22:32:37,29,3.23,5,369,26.30
2024-09-04 22:32:39,26.7,3.23,5,369,26.26
2024-09-04 22:32:40,55.7,3.23,4,371,26.10
2024-09-04 22:32:41,40.3,2.31,4,208,26.04
2024-09-04 22:32:43,41,2.31,4,208,26.03
2024-09-04 22:32:44,38.7,2.31,4,208,26.06
2024-09-04 22:32:45,39.3,2.31,4,208,25.96
2024-09-04 22:32:47,39.3,2.31,4,208,25.85
2024-09-04 22:32:48,39.7,2.31,4,208,26.02
2024-09-04 22:32:50,37.7,2.29,4,166,26.02
2024-09-04 22:32:51,25.8,2.35,0,166,25.46
2024-09-04 22:32:52,29,2.55,0,166,25.40
2024-09-04 22:32:54,28.6,2.66,0,166,25.39
2024-09-04 22:32:55,31.1,3.20,1,369,25.90
2024-09-04 22:32:56,30.2,3.21,5,369,26.27
2024-09-04 22:32:58,29,3.21,5,369,26.20
2024-09-04 22:32:59,30.6,3.22,5,369,26.19
2024-09-04 22:33:01,27.9,3.24,5,369,26.08
2024-09-04 22:33:02,27,2.34,0,166,25.86
2024-09-04 22:33:03,24.2,2.51,0,166,25.50
2024-09-04 22:33:05,27.9,2.63,0,166,25.37
2024-09-04 22:33:06,29,2.81,2,291,25.40
2024-09-04 22:33:07,31.7,3.08,4,349,26.00
2024-09-04 22:33:09,29.5,3.10,4,349,26.01
2024-09-04 22:33:10,30.2,3.10,4,349,25.92
2024-09-04 22:33:11,33.9,3.10,4,349,25.94
2024-09-04 22:33:13,29,3.10,4,349,26.00
2024-09-04 22:33:14,27.9,3.10,4,349,25.98
2024-09-04 22:33:16,31.1,3.10,4,166,25.99
2024-09-04 22:33:17,24.6,2.42,0,166,25.49
2024-09-04 22:33:18,29,2.61,0,166,20.62
2024-09-04 22:33:20,23,2.72,0,180,10.05
2024-09-04 22:33:21,51.6,3.22,4,349,25.83
2024-09-04 22:33:22,31.2,3.20,5,349,26.02
2024-09-04 22:33:24,31.2,3.20,4,349,26.02
2024-09-04 22:33:25,31.7,3.20,5,349,26.08
2024-09-04 22:33:27,30.2,3.20,5,349,26.11
2024-09-04 22:33:28,28.6,3.20,5,349,26.16
2024-09-04 22:33:29,1.6,2.36,4,166,26.14
2024-09-04 22:33:31,26.2,2.38,0,166,25.47
2024-09-04 22:33:32,26.2,2.56,0,166,22.60
2024-09-04 22:33:33,24.2,2.67,0,166,15.85
2024-09-04 22:33:35,26.2,3.21,4,349,21.98
2024-09-04 22:33:36,30.8,3.21,5,349,29.28
2024-09-04 22:33:38,27.4,3.21,5,349,26.21
2024-09-04 22:33:39,30.6,3.22,5,349,26.34
2024-09-04 22:33:40,31.2,3.23,5,349,26.36
2024-09-04 22:33:42,29,2.38,0,166,25.34
2024-09-04 22:33:43,28.6,2.56,0,166,21.99
2024-09-04 22:33:44,23,2.66,0,166,16.37
2024-09-04 22:33:46,29,3.11,3,369,23.09
2024-09-04 22:33:47,29,3.12,4,369,26.26
2024-09-04 22:33:48,31.1,3.12,4,369,26.17
2024-09-04 22:33:50,27.9,3.12,4,369,26.45
2024-09-04 22:33:51,29,3.12,4,369,26.45
2024-09-04 22:33:53,28.6,3.12,4,369,26.48
2024-09-04 22:33:54,26.2,2.34,0,166,25.43
2024-09-04 22:33:55,24.2,2.51,0,166,17.78
2024-09-04 22:33:57,29,2.63,0,166,13.72
2024-09-04 22:33:58,28.6,2.80,3,291,13.63
2024-09-04 22:33:59,33.8,3.07,4,369,31.11
2024-09-04 22:34:01,27.9,3.08,4,369,26.26
2024-09-04 22:34:02,28.6,3.09,4,369,25.69
2024-09-04 22:34:03,30.2,3.11,4,369,25.88
2024-09-04 22:34:05,30.8,3.12,4,369,25.84
2024-09-04 22:34:06,26.7,3.12,4,369,25.95
2024-09-04 22:34:08,4.8,2.33,0,166,25.49
2024-09-04 22:34:09,27.4,2.43,0,166,18.88
2024-09-04 22:34:10,30.2,2.59,0,166,14.76
2024-09-04 22:34:12,28.6,2.72,0,180,9.36
2024-09-04 22:34:13,27.9,3.10,4,349,26.00
2024-09-04 22:34:14,26.7,3.11,1,349,26.31
2024-09-04 22:34:16,32.8,3.11,4,349,26.66
2024-09-04 22:34:17,32.3,3.11,4,349,26.59
2024-09-04 22:34:19,53.8,3.12,4,349,26.41
2024-09-04 22:34:20,26.2,2.33,0,166,25.92
2024-09-04 22:34:21,23,2.52,0,166,24.82
2024-09-04 22:34:23,28.6,2.62,0,166,11.69
2024-09-04 22:34:24,27.9,2.79,0,291,11.64
2024-09-04 22:34:25,30.6,3.22,5,349,31.40
2024-09-04 22:34:27,30.6,3.22,5,349,26.94
2024-09-04 22:34:28,30.2,3.23,5,349,26.62
2024-09-04 22:34:30,29,3.24,5,349,26.54
2024-09-04 22:34:31,29.5,3.24,5,349,26.55
2024-09-04 22:34:32,52.5,3.26,0,327,25.16
2024-09-04 22:34:34,28.6,2.57,0,166,25.19
2024-09-04 22:34:35,27.4,2.66,0,166,20.16
2024-09-04 22:34:36,29,2.84,1,339,16.82
2024-09-04 22:34:38,29.5,3.23,4,369,31.25
2024-09-04 22:34:39,30.6,3.22,5,369,25.81
2024-09-04 22:34:40,31.7,3.22,5,369,25.70
2024-09-04 22:34:42,29,3.23,5,369,25.95
2024-09-04 22:34:43,32.8,3.23,5,369,25.92
2024-09-04 22:34:45,29,3.23,5,369,26.00
2024-09-04 22:34:46,29,3.23,5,369,26.04
2024-09-04 22:34:47,27.9,3.23,5,369,25.94
2024-09-04 22:34:49,24.6,2.38,3,166,25.94
2024-09-04 22:34:50,30.8,2.48,0,166,25.32
2024-09-04 22:34:51,28.6,2.60,0,166,21.62
2024-09-04 22:34:53,27.9,2.70,0,180,10.35
2024-09-04 22:34:54,30.2,3.18,5,369,30.73
2024-09-04 22:34:56,30.6,3.19,5,369,27.04
2024-09-04 22:34:57,28.3,3.19,3,369,25.78
2024-09-04 22:34:58,30.2,3.19,5,369,25.88
2024-09-04 22:35:00,30.2,3.19,5,369,26.02
2024-09-04 22:35:01,29.5,3.21,5,369,26.00
2024-09-04 22:35:02,27.9,3.22,5,369,26.06
2024-09-04 22:35:04,31.7,3.22,5,369,26.12
2024-09-04 22:35:05,30.2,3.22,5,369,26.19
2024-09-04 22:35:06,29,3.22,5,369,26.20
2024-09-04 22:35:08,39.7,2.32,3,208,26.12
2024-09-04 22:35:09,41.7,2.32,3,208,25.99
2024-09-04 22:35:11,39.1,2.32,4,208,26.00
2024-09-04 22:35:12,39.3,2.32,3,208,26.04
2024-09-04 22:35:13,37.3,2.32,4,208,26.06
2024-09-04 22:35:15,40.3,2.32,4,208,26.15
2024-09-04 22:35:16,38.7,2.31,4,208,26.19
2024-09-04 22:35:17,6.2,2.32,0,166,25.20
2024-09-04 22:35:19,3.2,2.34,0,166,25.27
2024-09-04 22:35:20,7.7,2.32,0,166,25.30
2024-09-04 22:35:22,1.6,2.33,0,166,25.31
2024-09-04 22:35:23,27.9,2.33,0,166,25.33
2024-09-04 22:35:24,7.9,2.31,0,166,25.29
2024-09-04 22:35:26,3.2,2.32,0,166,25.30
2024-09-04 22:35:27,3.2,2.32,0,166,25.28
2024-09-04 22:35:28,6.2,2.32,0,166,25.22
2024-09-04 22:35:30,1.6,2.32,0,166,25.21
2024-09-04 22:35:31,7.8,2.32,0,166,25.22
2024-09-04 22:35:33,3.2,2.32,0,166,25.17
2024-09-04 22:35:34,3.2,2.33,0,166,24.14
2024-09-04 22:35:35,4.8,2.33,0,166,17.07
2024-09-04 22:35:37,3.2,2.33,0,166,8.83
2024-09-04 22:35:38,6.3,2.33,0,166,8.87
2024-09-04 22:35:39,4.8,2.33,0,166,8.86
2024-09-04 22:35:41,6.2,2.33,0,166,8.84
2024-09-04 22:35:42,100,2.33,0,166,8.80
2024-09-04 22:35:44,6.1,2.33,0,166,8.78
2024-09-04 22:35:45,3.2,2.33,0,166,8.76
2024-09-04 22:35:46,6.3,2.33,0,166,8.80
2024-09-04 22:35:48,3.2,2.33,0,166,8.86
2024-09-04 22:35:49,4.8,2.33,0,166,8.85
2024-09-04 22:35:50,4.8,2.33,0,166,8.82
2024-09-04 22:35:52,3.2,2.33,0,166,8.85
2024-09-04 22:35:53,6.3,2.33,0,166,8.79
2024-09-04 22:35:55,3.2,2.33,0,166,8.71
2024-09-04 22:35:56,4.8,2.33,0,166,8.69
2024-09-04 22:35:57,3.2,2.33,0,166,8.69
2024-09-04 22:35:59,3.2,2.33,0,166,8.72
2024-09-04 22:36:00,4.8,2.33,0,166,8.73
2024-09-04 22:36:02,3.2,2.33,0,166,8.75
2024-09-04 22:36:03,3.3,2.33,0,166,8.73
2024-09-04 22:36:04,3.2,2.33,0,166,8.69
2024-09-04 22:36:06,3.2,2.34,0,166,8.76
2024-09-04 22:36:07,4.8,2.34,0,166,8.75
2024-09-04 22:36:08,4.8,2.34,0,166,8.64
2024-09-04 22:36:10,4.7,2.34,0,166,8.62
2024-09-04 22:36:11,3.2,2.34,0,166,8.65
2024-09-04 22:36:13,1.6,2.34,0,166,8.59
2024-09-04 22:36:14,3.2,2.34,0,166,8.55
2024-09-04 22:36:15,1.6,2.34,0,166,8.62
2024-09-04 22:36:17,47.5,1.92,0,166,8.64
2024-09-04 22:36:18,47.5,1.92,0,166,8.53
2024-09-04 22:36:19,46.8,1.93,0,166,8.51
2024-09-04 22:36:21,35.9,0.76,10,2,8.92
2024-09-04 22:36:22,4.7,0.80,0,2,10.21
2024-09-04 22:36:24,30.2,0.82,0,2,8.67
2024-09-04 22:36:25,3.2,0.83,0,2,8.59
2024-09-04 22:36:26,1.6,0.83,0,2,8.60
2024-09-04 22:36:28,1.6,0.83,0,2,8.59
2024-09-04 22:36:29,100,0.83,0,2,8.57
